texture4.bmp
1068
42513;7032;39952;0.875000;0.093750
42485;7032;39952;0.968735;0.093750
42474;6854;39958;0.968735;0.328110
42513;7032;39952;0.875000;0.093750
42474;6854;39958;0.968735;0.328110
42523;6854;39958;0.875000;0.328110
52753;8312;45072;0.875000;0.093750
52725;8312;45072;0.968735;0.093750
52714;8134;45078;0.968735;0.328110
52753;8312;45072;0.875000;0.093750
52714;8134;45078;0.968735;0.328110
52763;8134;45078;0.875000;0.328110
52871;10496;47491;0.750000;0.562500
52871;10496;47736;0.843735;0.562500
52871;9828;47735;0.843735;0.671860
52871;10496;47491;0.750000;0.562500
52871;9828;47735;0.843735;0.671860
52871;9828;47491;0.750000;0.671860
52871;10496;47106;0.750000;0.562500
52871;10496;47491;0.843735;0.562500
52871;9828;47491;0.843735;0.671860
52871;10496;47106;0.750000;0.562500
52871;9828;47491;0.843735;0.671860
52871;10134;47106;0.750000;0.671860
52871;10496;46593;0.750000;0.562500
52871;10496;47106;0.843735;0.562500
52871;10134;47106;0.843735;0.671860
52871;10496;46593;0.750000;0.562500
52871;10134;47106;0.843735;0.671860
52871;10209;46593;0.750000;0.671860
52871;10496;46081;0.750000;0.562500
52871;10496;46593;0.843735;0.562500
52871;10209;46593;0.843735;0.671860
52871;10496;46081;0.750000;0.562500
52871;10209;46593;0.843735;0.671860
52871;10134;46081;0.750000;0.671860
52871;10496;45700;0.750000;0.562500
52871;10496;46081;0.843735;0.562500
52871;10134;46081;0.843735;0.671860
52871;10496;45700;0.750000;0.562500
52871;10134;46081;0.843735;0.671860
52872;9828;45700;0.750000;0.671860
52872;9828;45447;0.750000;0.562500
52871;10498;45447;0.874985;0.562500
52871;10496;45700;0.874985;0.718735
52872;9828;45447;0.750000;0.562500
52871;10496;45700;0.874985;0.718735
52872;9828;45700;0.750000;0.718735
52591;10496;47491;0.750000;0.562500
52591;10496;47106;0.843735;0.562500
52591;10134;47106;0.843735;0.671860
52591;10496;47491;0.750000;0.562500
52591;10134;47106;0.843735;0.671860
52591;9828;47491;0.750000;0.671860
52591;10496;47106;0.750000;0.562500
52591;10496;46593;0.843735;0.562500
52591;10209;46593;0.843735;0.671860
52591;10496;47106;0.750000;0.562500
52591;10209;46593;0.843735;0.671860
52591;10134;47106;0.750000;0.671860
52591;10496;46593;0.750000;0.562500
52591;10496;46081;0.843735;0.562500
52591;10134;46081;0.843735;0.671860
52591;10496;46593;0.750000;0.562500
52591;10134;46081;0.843735;0.671860
52591;10209;46593;0.750000;0.671860
52591;10496;46081;0.750000;0.562500
52591;10496;45700;0.843735;0.562500
52590;9828;45700;0.843735;0.671860
52591;10496;46081;0.750000;0.562500
52590;9828;45700;0.843735;0.671860
52591;10134;46081;0.750000;0.671860
52591;10498;45447;0.750000;0.562500
52590;9828;45447;0.874985;0.562500
52590;9828;45700;0.874985;0.718735
52591;10498;45447;0.750000;0.562500
52590;9828;45700;0.874985;0.718735
52591;10496;45700;0.750000;0.718735
52871;10134;47106;0.750000;0.562500
52871;9828;47491;0.843735;0.562500
52591;9828;47491;0.843735;0.671860
52871;10134;47106;0.750000;0.562500
52591;9828;47491;0.843735;0.671860
52591;10134;47106;0.750000;0.671860
52871;10209;46593;0.750000;0.562500
52871;10134;47106;0.843735;0.562500
52591;10134;47106;0.843735;0.671860
52871;10209;46593;0.750000;0.562500
52591;10134;47106;0.843735;0.671860
52591;10209;46593;0.750000;0.671860
52871;10134;46081;0.750000;0.562500
52871;10209;46593;0.843735;0.562500
52591;10209;46593;0.843735;0.671860
52871;10134;46081;0.750000;0.562500
52591;10209;46593;0.843735;0.671860
52591;10134;46081;0.750000;0.671860
52872;9828;45700;0.750000;0.562500
52871;10134;46081;0.843735;0.562500
52591;10134;46081;0.843735;0.671860
52872;9828;45700;0.750000;0.562500
52591;10134;46081;0.843735;0.671860
52590;9828;45700;0.750000;0.671860
52871;10496;48123;0.750000;0.562500
52871;10209;48123;0.874985;0.562500
52871;10134;47936;0.874985;0.718735
52871;10496;48123;0.750000;0.562500
52871;10134;47936;0.874985;0.718735
52871;10496;47936;0.750000;0.718735
52871;10496;47736;0.750000;0.562500
52871;10496;47936;0.843735;0.562500
52871;10134;47936;0.843735;0.671860
52871;10496;47736;0.750000;0.562500
52871;10134;47936;0.843735;0.671860
52871;9828;47735;0.750000;0.671860
52591;10209;48123;0.750000;0.562500
52591;10496;48123;0.874985;0.562500
52591;10496;47936;0.874985;0.718735
52591;10209;48123;0.750000;0.562500
52591;10496;47936;0.874985;0.718735
52591;10134;47936;0.750000;0.718735
52591;10496;47936;0.750000;0.562500
52591;10496;47736;0.843735;0.562500
52591;9828;47735;0.843735;0.671860
52591;10496;47936;0.750000;0.562500
52591;9828;47735;0.843735;0.671860
52591;10134;47936;0.750000;0.671860
52871;10209;48123;0.750000;0.562500
52591;10209;48123;0.874985;0.562500
52591;10134;47936;0.874985;0.718735
52871;10209;48123;0.750000;0.562500
52591;10134;47936;0.874985;0.718735
52871;10134;47936;0.750000;0.718735
52871;9828;47735;0.750000;0.562500
52871;10134;47936;0.843735;0.562500
52591;10134;47936;0.843735;0.671860
52871;9828;47735;0.750000;0.562500
52591;10134;47936;0.843735;0.671860
52591;9828;47735;0.750000;0.671860
52591;10496;47491;0.750000;0.562500
52591;9828;47491;0.843735;0.562500
52079;10193;47491;0.843735;0.671860
52591;10496;47491;0.750000;0.562500
52079;10193;47491;0.843735;0.671860
52079;10496;47491;0.750000;0.671860
52591;9828;47735;0.750000;0.562500
52591;10496;47736;0.843735;0.562500
52079;10496;47735;0.843735;0.671860
52591;9828;47735;0.750000;0.562500
52079;10496;47735;0.843735;0.671860
52079;10193;47735;0.750000;0.671860
52591;9828;47491;0.750000;0.562500
52591;9828;47735;0.843735;0.562500
52079;10193;47735;0.843735;0.671860
52591;9828;47491;0.750000;0.562500
52079;10193;47735;0.843735;0.671860
52079;10193;47491;0.750000;0.671860
52871;9828;47491;0.750000;0.562500
52871;9828;47735;0.843735;0.562500
52591;9828;47735;0.843735;0.671860
52871;9828;47491;0.750000;0.562500
52591;9828;47735;0.843735;0.671860
52591;9828;47491;0.750000;0.671860
52590;9828;45447;0.750000;0.562500
52872;9828;45447;0.874985;0.562500
52872;9828;45700;0.874985;0.718735
52590;9828;45447;0.750000;0.562500
52872;9828;45700;0.874985;0.718735
52590;9828;45700;0.750000;0.718735
56693;10496;47736;0.750000;0.562500
56693;10496;47491;0.843735;0.562500
56693;9828;47491;0.843735;0.671860
56693;10496;47736;0.750000;0.562500
56693;9828;47491;0.843735;0.671860
56693;9828;47735;0.750000;0.671860
56693;10496;47491;0.750000;0.562500
56693;10496;47106;0.843735;0.562500
56693;10134;47106;0.843735;0.671860
56693;10496;47491;0.750000;0.562500
56693;10134;47106;0.843735;0.671860
56693;9828;47491;0.750000;0.671860
56693;10496;47106;0.750000;0.562500
56693;10496;46593;0.843735;0.562500
56693;10209;46593;0.843735;0.671860
56693;10496;47106;0.750000;0.562500
56693;10209;46593;0.843735;0.671860
56693;10134;47106;0.750000;0.671860
56693;10496;46593;0.750000;0.562500
56693;10496;46081;0.843735;0.562500
56693;10134;46081;0.843735;0.671860
56693;10496;46593;0.750000;0.562500
56693;10134;46081;0.843735;0.671860
56693;10209;46593;0.750000;0.671860
56693;10496;46081;0.750000;0.562500
56693;10496;45700;0.843735;0.562500
56692;9828;45700;0.843735;0.671860
56693;10496;46081;0.750000;0.562500
56692;9828;45700;0.843735;0.671860
56693;10134;46081;0.750000;0.671860
56693;10498;45447;0.750000;0.562500
56692;9828;45447;0.874985;0.562500
56692;9828;45700;0.874985;0.718735
56693;10498;45447;0.750000;0.562500
56692;9828;45700;0.874985;0.718735
56693;10496;45700;0.750000;0.718735
56973;10496;47106;0.750000;0.562500
56973;10496;47491;0.843735;0.562500
56973;9828;47491;0.843735;0.671860
56973;10496;47106;0.750000;0.562500
56973;9828;47491;0.843735;0.671860
56973;10134;47106;0.750000;0.671860
56973;10496;46593;0.750000;0.562500
56973;10496;47106;0.843735;0.562500
56973;10134;47106;0.843735;0.671860
56973;10496;46593;0.750000;0.562500
56973;10134;47106;0.843735;0.671860
56973;10209;46593;0.750000;0.671860
56973;10496;46081;0.750000;0.562500
56973;10496;46593;0.843735;0.562500
56973;10209;46593;0.843735;0.671860
56973;10496;46081;0.750000;0.562500
56973;10209;46593;0.843735;0.671860
56973;10134;46081;0.750000;0.671860
56973;10496;45700;0.750000;0.562500
56973;10496;46081;0.843735;0.562500
56973;10134;46081;0.843735;0.671860
56973;10496;45700;0.750000;0.562500
56973;10134;46081;0.843735;0.671860
56974;9828;45700;0.750000;0.671860
56974;9828;45447;0.750000;0.562500
56973;10498;45447;0.874985;0.562500
56973;10496;45700;0.874985;0.718735
56974;9828;45447;0.750000;0.562500
56973;10496;45700;0.874985;0.718735
56974;9828;45700;0.750000;0.718735
56693;9828;47491;0.750000;0.562500
56693;10134;47106;0.843735;0.562500
56973;10134;47106;0.843735;0.671860
56693;9828;47491;0.750000;0.562500
56973;10134;47106;0.843735;0.671860
56973;9828;47491;0.750000;0.671860
56693;10134;47106;0.750000;0.562500
56693;10209;46593;0.843735;0.562500
56973;10209;46593;0.843735;0.671860
56693;10134;47106;0.750000;0.562500
56973;10209;46593;0.843735;0.671860
56973;10134;47106;0.750000;0.671860
56693;10209;46593;0.750000;0.562500
56693;10134;46081;0.843735;0.562500
56973;10134;46081;0.843735;0.671860
56693;10209;46593;0.750000;0.562500
56973;10134;46081;0.843735;0.671860
56973;10209;46593;0.750000;0.671860
56693;10134;46081;0.750000;0.562500
56692;9828;45700;0.843735;0.562500
56974;9828;45700;0.843735;0.671860
56693;10134;46081;0.750000;0.562500
56974;9828;45700;0.843735;0.671860
56973;10134;46081;0.750000;0.671860
56693;10209;48123;0.750000;0.562500
56693;10496;48123;0.874985;0.562500
56693;10496;47936;0.874985;0.718735
56693;10209;48123;0.750000;0.562500
56693;10496;47936;0.874985;0.718735
56693;10134;47936;0.750000;0.718735
56693;10496;47936;0.750000;0.562500
56693;10496;47736;0.843735;0.562500
56693;9828;47735;0.843735;0.671860
56693;10496;47936;0.750000;0.562500
56693;9828;47735;0.843735;0.671860
56693;10134;47936;0.750000;0.671860
56973;10496;48123;0.750000;0.562500
56973;10209;48123;0.874985;0.562500
56973;10134;47936;0.874985;0.718735
56973;10496;48123;0.750000;0.562500
56973;10134;47936;0.874985;0.718735
56973;10496;47936;0.750000;0.718735
56973;10496;47736;0.750000;0.562500
56973;10496;47936;0.843735;0.562500
56973;10134;47936;0.843735;0.671860
56973;10496;47736;0.750000;0.562500
56973;10134;47936;0.843735;0.671860
56973;9828;47735;0.750000;0.671860
56973;10209;48123;0.750000;0.562500
56693;10209;48123;0.874985;0.562500
56693;10134;47936;0.874985;0.718735
56973;10209;48123;0.750000;0.562500
56693;10134;47936;0.874985;0.718735
56973;10134;47936;0.750000;0.718735
56693;10134;47936;0.750000;0.562500
56693;9828;47735;0.843735;0.562500
56973;9828;47735;0.843735;0.671860
56693;10134;47936;0.750000;0.562500
56973;9828;47735;0.843735;0.671860
56973;10134;47936;0.750000;0.671860
57485;10496;47491;0.750000;0.562500
57485;10193;47491;0.843735;0.562500
56973;9828;47491;0.843735;0.671860
57485;10496;47491;0.750000;0.562500
56973;9828;47491;0.843735;0.671860
56973;10496;47491;0.750000;0.671860
57485;10193;47735;0.750000;0.562500
57485;10496;47735;0.843735;0.562500
56973;10496;47736;0.843735;0.671860
57485;10193;47735;0.750000;0.562500
56973;10496;47736;0.843735;0.671860
56973;9828;47735;0.750000;0.671860
57485;10193;47491;0.750000;0.562500
57485;10193;47735;0.843735;0.562500
56973;9828;47735;0.843735;0.671860
57485;10193;47491;0.750000;0.562500
56973;9828;47735;0.843735;0.671860
56973;9828;47491;0.750000;0.671860
56693;9828;47735;0.750000;0.562500
56693;9828;47491;0.843735;0.562500
56973;9828;47491;0.843735;0.671860
56693;9828;47735;0.750000;0.562500
56973;9828;47491;0.843735;0.671860
56973;9828;47735;0.750000;0.671860
56692;9828;45447;0.750000;0.562500
56974;9828;45447;0.874985;0.562500
56974;9828;45700;0.874985;0.718735
56692;9828;45447;0.750000;0.562500
56974;9828;45700;0.874985;0.718735
56692;9828;45700;0.750000;0.718735
52872;10495;49544;0.750000;0.562500
52872;10495;49789;0.843735;0.562500
52872;9828;49789;0.843735;0.671860
52872;10495;49544;0.750000;0.562500
52872;9828;49789;0.843735;0.671860
52872;9828;49544;0.750000;0.671860
52872;10495;49789;0.750000;0.562500
52872;10495;50174;0.843735;0.562500
52872;10134;50174;0.843735;0.671860
52872;10495;49789;0.750000;0.562500
52872;10134;50174;0.843735;0.671860
52872;9828;49789;0.750000;0.671860
52872;10495;50174;0.750000;0.562500
52872;10495;50689;0.843735;0.562500
52872;10209;50689;0.843735;0.671860
52872;10495;50174;0.750000;0.562500
52872;10209;50689;0.843735;0.671860
52872;10134;50174;0.750000;0.671860
52872;10495;50689;0.750000;0.562500
52872;10495;51200;0.843735;0.562500
52872;10134;51200;0.843735;0.671860
52872;10495;50689;0.750000;0.562500
52872;10134;51200;0.843735;0.671860
52872;10209;50689;0.750000;0.671860
52872;10495;51200;0.750000;0.562500
52872;10495;51591;0.843735;0.562500
52872;9828;51591;0.843735;0.671860
52872;10495;51200;0.750000;0.562500
52872;9828;51591;0.843735;0.671860
52872;10134;51200;0.750000;0.671860
52872;9828;51591;0.750000;0.562500
52872;10495;51591;0.874985;0.562500
52872;10495;51835;0.874985;0.718735
52872;9828;51591;0.750000;0.562500
52872;10495;51835;0.874985;0.718735
52872;9828;51834;0.750000;0.718735
52593;10495;50174;0.750000;0.562500
52593;10496;49789;0.843735;0.562500
52592;9828;49789;0.843735;0.671860
52593;10495;50174;0.750000;0.562500
52592;9828;49789;0.843735;0.671860
52593;10134;50174;0.750000;0.671860
52593;10495;50689;0.750000;0.562500
52593;10495;50174;0.843735;0.562500
52593;10134;50174;0.843735;0.671860
52593;10495;50689;0.750000;0.562500
52593;10134;50174;0.843735;0.671860
52593;10209;50689;0.750000;0.671860
52593;10495;51200;0.750000;0.562500
52593;10495;50689;0.843735;0.562500
52593;10209;50689;0.843735;0.671860
52593;10495;51200;0.750000;0.562500
52593;10209;50689;0.843735;0.671860
52593;10134;51200;0.750000;0.671860
52593;10495;51591;0.750000;0.562500
52593;10495;51200;0.843735;0.562500
52593;10134;51200;0.843735;0.671860
52593;10495;51591;0.750000;0.562500
52593;10134;51200;0.843735;0.671860
52593;9828;51591;0.750000;0.671860
52593;10495;51591;0.750000;0.562500
52593;9828;51591;0.874985;0.562500
52593;9828;51834;0.874985;0.718735
52593;10495;51591;0.750000;0.562500
52593;9828;51834;0.874985;0.718735
52593;10495;51835;0.750000;0.718735
52872;9828;49789;0.750000;0.562500
52872;10134;50174;0.843735;0.562500
52593;10134;50174;0.843735;0.671860
52872;9828;49789;0.750000;0.562500
52593;10134;50174;0.843735;0.671860
52592;9828;49789;0.750000;0.671860
52872;10134;50174;0.750000;0.562500
52872;10209;50689;0.843735;0.562500
52593;10209;50689;0.843735;0.671860
52872;10134;50174;0.750000;0.562500
52593;10209;50689;0.843735;0.671860
52593;10134;50174;0.750000;0.671860
52872;10209;50689;0.750000;0.562500
52872;10134;51200;0.843735;0.562500
52593;10134;51200;0.843735;0.671860
52872;10209;50689;0.750000;0.562500
52593;10134;51200;0.843735;0.671860
52593;10209;50689;0.750000;0.671860
52872;10134;51200;0.750000;0.562500
52872;9828;51591;0.843735;0.562500
52593;9828;51591;0.843735;0.671860
52872;10134;51200;0.750000;0.562500
52593;9828;51591;0.843735;0.671860
52593;10134;51200;0.750000;0.671860
52872;10495;48391;0.750000;0.562500
52872;10134;48391;0.874985;0.562500
52872;9827;48127;0.874985;0.718735
52872;10495;48391;0.750000;0.562500
52872;9827;48127;0.874985;0.718735
52872;10495;48125;0.750000;0.718735
52872;10495;48391;0.750000;0.562500
52872;10495;48823;0.843735;0.562500
52872;10209;48823;0.843735;0.671860
52872;10495;48391;0.750000;0.562500
52872;10209;48823;0.843735;0.671860
52872;10134;48391;0.750000;0.671860
52872;10495;48823;0.750000;0.562500
52872;10495;49281;0.843735;0.562500
52872;10134;49281;0.843735;0.671860
52872;10495;48823;0.750000;0.562500
52872;10134;49281;0.843735;0.671860
52872;10209;48823;0.750000;0.671860
52872;10495;49281;0.750000;0.562500
52872;10495;49544;0.843735;0.562500
52872;9828;49544;0.843735;0.671860
52872;10495;49281;0.750000;0.562500
52872;9828;49544;0.843735;0.671860
52872;10134;49281;0.750000;0.671860
52593;10134;48391;0.750000;0.562500
52593;10495;48391;0.874985;0.562500
52593;10495;48125;0.874985;0.718735
52593;10134;48391;0.750000;0.562500
52593;10495;48125;0.874985;0.718735
52593;9827;48127;0.750000;0.718735
52593;10495;48823;0.750000;0.562500
52593;10495;48391;0.843735;0.562500
52593;10134;48391;0.843735;0.671860
52593;10495;48823;0.750000;0.562500
52593;10134;48391;0.843735;0.671860
52593;10209;48823;0.750000;0.671860
52593;10495;49281;0.750000;0.562500
52593;10495;48823;0.843735;0.562500
52593;10209;48823;0.843735;0.671860
52593;10495;49281;0.750000;0.562500
52593;10209;48823;0.843735;0.671860
52593;10134;49281;0.750000;0.671860
52593;10496;49544;0.750000;0.562500
52593;10495;49281;0.843735;0.562500
52593;10134;49281;0.843735;0.671860
52593;10496;49544;0.750000;0.562500
52593;10134;49281;0.843735;0.671860
52592;9828;49544;0.750000;0.671860
52872;10134;48391;0.750000;0.562500
52593;10134;48391;0.874985;0.562500
52593;9827;48127;0.874985;0.718735
52872;10134;48391;0.750000;0.562500
52593;9827;48127;0.874985;0.718735
52872;9827;48127;0.750000;0.718735
52872;10134;48391;0.750000;0.562500
52872;10209;48823;0.843735;0.562500
52593;10209;48823;0.843735;0.671860
52872;10134;48391;0.750000;0.562500
52593;10209;48823;0.843735;0.671860
52593;10134;48391;0.750000;0.671860
52872;10209;48823;0.750000;0.562500
52872;10134;49281;0.843735;0.562500
52593;10134;49281;0.843735;0.671860
52872;10209;48823;0.750000;0.562500
52593;10134;49281;0.843735;0.671860
52593;10209;48823;0.750000;0.671860
52872;10134;49281;0.750000;0.562500
52872;9828;49544;0.843735;0.562500
52592;9828;49544;0.843735;0.671860
52872;10134;49281;0.750000;0.562500
52592;9828;49544;0.843735;0.671860
52593;10134;49281;0.750000;0.671860
52592;9828;49789;0.750000;0.562500
52593;10496;49789;0.843735;0.562500
52079;10495;49789;0.843735;0.671860
52592;9828;49789;0.750000;0.562500
52079;10495;49789;0.843735;0.671860
52079;10193;49789;0.750000;0.671860
52593;10496;49544;0.750000;0.562500
52592;9828;49544;0.843735;0.562500
52079;10193;49544;0.843735;0.671860
52593;10496;49544;0.750000;0.562500
52079;10193;49544;0.843735;0.671860
52079;10495;49544;0.750000;0.671860
52592;9828;49544;0.750000;0.562500
52592;9828;49789;0.843735;0.562500
52079;10193;49789;0.843735;0.671860
52592;9828;49544;0.750000;0.562500
52079;10193;49789;0.843735;0.671860
52079;10193;49544;0.750000;0.671860
52872;9828;49544;0.750000;0.562500
52872;9828;49789;0.843735;0.562500
52592;9828;49789;0.843735;0.671860
52872;9828;49544;0.750000;0.562500
52592;9828;49789;0.843735;0.671860
52592;9828;49544;0.750000;0.671860
52593;9828;51591;0.750000;0.562500
52872;9828;51591;0.874985;0.562500
52872;9828;51834;0.874985;0.718735
52593;9828;51591;0.750000;0.562500
52872;9828;51834;0.874985;0.718735
52593;9828;51834;0.750000;0.718735
56688;10495;49789;0.843735;0.562500
56688;10495;49544;0.750000;0.562500
56688;9828;49544;0.750000;0.671860
56688;10495;49789;0.843735;0.562500
56688;9828;49544;0.750000;0.671860
56688;9828;49789;0.843735;0.671860
56688;10495;50174;0.843735;0.562500
56688;10495;49789;0.750000;0.562500
56688;9828;49789;0.750000;0.671860
56688;10495;50174;0.843735;0.562500
56688;9828;49789;0.750000;0.671860
56688;10134;50174;0.843735;0.671860
56688;10495;50689;0.843735;0.562500
56688;10495;50174;0.750000;0.562500
56688;10134;50174;0.750000;0.671860
56688;10495;50689;0.843735;0.562500
56688;10134;50174;0.750000;0.671860
56688;10209;50689;0.843735;0.671860
56688;10495;51200;0.843735;0.562500
56688;10495;50689;0.750000;0.562500
56688;10209;50689;0.750000;0.671860
56688;10495;51200;0.843735;0.562500
56688;10209;50689;0.750000;0.671860
56688;10134;51200;0.843735;0.671860
56688;10495;51591;0.843735;0.562500
56688;10495;51200;0.750000;0.562500
56688;10134;51200;0.750000;0.671860
56688;10495;51591;0.843735;0.562500
56688;10134;51200;0.750000;0.671860
56688;9828;51591;0.843735;0.671860
56688;10495;51591;0.874985;0.562500
56688;9828;51591;0.750000;0.562500
56688;9828;51834;0.750000;0.718735
56688;10495;51591;0.874985;0.562500
56688;9828;51834;0.750000;0.718735
56688;10495;51835;0.874985;0.718735
56967;10496;49789;0.843735;0.562500
56967;10495;50174;0.750000;0.562500
56967;10134;50174;0.750000;0.671860
56967;10496;49789;0.843735;0.562500
56967;10134;50174;0.750000;0.671860
56968;9828;49789;0.843735;0.671860
56967;10495;50174;0.843735;0.562500
56967;10495;50689;0.750000;0.562500
56967;10209;50689;0.750000;0.671860
56967;10495;50174;0.843735;0.562500
56967;10209;50689;0.750000;0.671860
56967;10134;50174;0.843735;0.671860
56967;10495;50689;0.843735;0.562500
56967;10495;51200;0.750000;0.562500
56967;10134;51200;0.750000;0.671860
56967;10495;50689;0.843735;0.562500
56967;10134;51200;0.750000;0.671860
56967;10209;50689;0.843735;0.671860
56967;10495;51200;0.843735;0.562500
56967;10495;51591;0.750000;0.562500
56967;9828;51591;0.750000;0.671860
56967;10495;51200;0.843735;0.562500
56967;9828;51591;0.750000;0.671860
56967;10134;51200;0.843735;0.671860
56967;9828;51591;0.874985;0.562500
56967;10495;51591;0.750000;0.562500
56967;10495;51835;0.750000;0.718735
56967;9828;51591;0.874985;0.562500
56967;10495;51835;0.750000;0.718735
56967;9828;51834;0.874985;0.718735
56688;10134;50174;0.843735;0.562500
56688;9828;49789;0.750000;0.562500
56968;9828;49789;0.750000;0.671860
56688;10134;50174;0.843735;0.562500
56968;9828;49789;0.750000;0.671860
56967;10134;50174;0.843735;0.671860
56688;10209;50689;0.843735;0.562500
56688;10134;50174;0.750000;0.562500
56967;10134;50174;0.750000;0.671860
56688;10209;50689;0.843735;0.562500
56967;10134;50174;0.750000;0.671860
56967;10209;50689;0.843735;0.671860
56688;10134;51200;0.843735;0.562500
56688;10209;50689;0.750000;0.562500
56967;10209;50689;0.750000;0.671860
56688;10134;51200;0.843735;0.562500
56967;10209;50689;0.750000;0.671860
56967;10134;51200;0.843735;0.671860
56688;9828;51591;0.843735;0.562500
56688;10134;51200;0.750000;0.562500
56967;10134;51200;0.750000;0.671860
56688;9828;51591;0.843735;0.562500
56967;10134;51200;0.750000;0.671860
56967;9828;51591;0.843735;0.671860
56688;10134;48391;0.874985;0.562500
56688;10495;48391;0.750000;0.562500
56688;10495;48125;0.750000;0.718735
56688;10134;48391;0.874985;0.562500
56688;10495;48125;0.750000;0.718735
56688;9827;48127;0.874985;0.718735
56688;10495;48823;0.843735;0.562500
56688;10495;48391;0.750000;0.562500
56688;10134;48391;0.750000;0.671860
56688;10495;48823;0.843735;0.562500
56688;10134;48391;0.750000;0.671860
56688;10209;48823;0.843735;0.671860
56688;10495;49281;0.843735;0.562500
56688;10495;48823;0.750000;0.562500
56688;10209;48823;0.750000;0.671860
56688;10495;49281;0.843735;0.562500
56688;10209;48823;0.750000;0.671860
56688;10134;49281;0.843735;0.671860
56688;10495;49544;0.843735;0.562500
56688;10495;49281;0.750000;0.562500
56688;10134;49281;0.750000;0.671860
56688;10495;49544;0.843735;0.562500
56688;10134;49281;0.750000;0.671860
56688;9828;49544;0.843735;0.671860
56967;10495;48391;0.874985;0.562500
56967;10134;48391;0.750000;0.562500
56967;9827;48127;0.750000;0.718735
56967;10495;48391;0.874985;0.562500
56967;9827;48127;0.750000;0.718735
56967;10495;48125;0.874985;0.718735
56967;10495;48391;0.843735;0.562500
56967;10495;48823;0.750000;0.562500
56967;10209;48823;0.750000;0.671860
56967;10495;48391;0.843735;0.562500
56967;10209;48823;0.750000;0.671860
56967;10134;48391;0.843735;0.671860
56967;10495;48823;0.843735;0.562500
56967;10495;49281;0.750000;0.562500
56967;10134;49281;0.750000;0.671860
56967;10495;48823;0.843735;0.562500
56967;10134;49281;0.750000;0.671860
56967;10209;48823;0.843735;0.671860
56967;10495;49281;0.843735;0.562500
56967;10496;49544;0.750000;0.562500
56968;9828;49544;0.750000;0.671860
56967;10495;49281;0.843735;0.562500
56968;9828;49544;0.750000;0.671860
56967;10134;49281;0.843735;0.671860
56967;10134;48391;0.874985;0.562500
56688;10134;48391;0.750000;0.562500
56688;9827;48127;0.750000;0.718735
56967;10134;48391;0.874985;0.562500
56688;9827;48127;0.750000;0.718735
56967;9827;48127;0.874985;0.718735
56688;10209;48823;0.843735;0.562500
56688;10134;48391;0.750000;0.562500
56967;10134;48391;0.750000;0.671860
56688;10209;48823;0.843735;0.562500
56967;10134;48391;0.750000;0.671860
56967;10209;48823;0.843735;0.671860
56688;10134;49281;0.843735;0.562500
56688;10209;48823;0.750000;0.562500
56967;10209;48823;0.750000;0.671860
56688;10134;49281;0.843735;0.562500
56967;10209;48823;0.750000;0.671860
56967;10134;49281;0.843735;0.671860
56688;9828;49544;0.843735;0.562500
56688;10134;49281;0.750000;0.562500
56967;10134;49281;0.750000;0.671860
56688;9828;49544;0.843735;0.562500
56967;10134;49281;0.750000;0.671860
56968;9828;49544;0.843735;0.671860
56967;10496;49789;0.843735;0.562500
56968;9828;49789;0.750000;0.562500
57481;10193;49789;0.750000;0.671860
56967;10496;49789;0.843735;0.562500
57481;10193;49789;0.750000;0.671860
57481;10495;49789;0.843735;0.671860
56968;9828;49544;0.843735;0.562500
56967;10496;49544;0.750000;0.562500
57481;10495;49544;0.750000;0.671860
56968;9828;49544;0.843735;0.562500
57481;10495;49544;0.750000;0.671860
57481;10193;49544;0.843735;0.671860
56968;9828;49789;0.843735;0.562500
56968;9828;49544;0.750000;0.562500
57481;10193;49544;0.750000;0.671860
56968;9828;49789;0.843735;0.562500
57481;10193;49544;0.750000;0.671860
57481;10193;49789;0.843735;0.671860
56688;9828;49789;0.843735;0.562500
56688;9828;49544;0.750000;0.562500
56968;9828;49544;0.750000;0.671860
56688;9828;49789;0.843735;0.562500
56968;9828;49544;0.750000;0.671860
56968;9828;49789;0.843735;0.671860
56688;9828;51591;0.874985;0.562500
56967;9828;51591;0.750000;0.562500
56967;9828;51834;0.750000;0.718735
56688;9828;51591;0.874985;0.562500
56967;9828;51834;0.750000;0.718735
56688;9828;51834;0.874985;0.718735
52615;9006;49664;0.875000;0.328125
52661;9006;49569;0.953110;0.328125
52668;8192;49579;0.953110;0.609360
52615;9006;49664;0.875000;0.328125
52668;8192;49579;0.953110;0.609360
52628;8192;49664;0.875000;0.609360
52661;9006;49569;0.875000;0.328125
52764;9006;49545;0.953110;0.328125
52760;8192;49558;0.953110;0.609360
52661;9006;49569;0.875000;0.328125
52760;8192;49558;0.953110;0.609360
52668;8192;49579;0.875000;0.609360
52764;9006;49545;0.875000;0.328125
52846;9006;49611;0.953110;0.328125
52834;8192;49617;0.953110;0.609360
52764;9006;49545;0.875000;0.328125
52834;8192;49617;0.953110;0.609360
52760;8192;49558;0.875000;0.609360
52846;9006;49611;0.875000;0.328125
52846;9006;49717;0.953110;0.328125
52834;8192;49711;0.953110;0.609360
52846;9006;49611;0.875000;0.328125
52834;8192;49711;0.953110;0.609360
52834;8192;49617;0.875000;0.609360
52846;9006;49717;0.875000;0.328125
52764;9006;49783;0.953110;0.328125
52760;8192;49770;0.953110;0.609360
52846;9006;49717;0.875000;0.328125
52760;8192;49770;0.953110;0.609360
52834;8192;49711;0.875000;0.609360
52764;9006;49783;0.875000;0.328125
52661;9006;49759;0.953110;0.328125
52668;8192;49749;0.953110;0.609360
52764;9006;49783;0.875000;0.328125
52668;8192;49749;0.953110;0.609360
52760;8192;49770;0.875000;0.609360
52661;9006;49759;0.875000;0.328125
52615;9006;49664;0.953110;0.328125
52628;8192;49664;0.953110;0.609360
52661;9006;49759;0.875000;0.328125
52628;8192;49664;0.953110;0.609360
52668;8192;49749;0.875000;0.609360
52615;9006;51712;0.875000;0.328125
52661;9006;51617;0.953110;0.328125
52668;8192;51627;0.953110;0.609360
52615;9006;51712;0.875000;0.328125
52668;8192;51627;0.953110;0.609360
52628;8192;51712;0.875000;0.609360
52661;9006;51617;0.875000;0.328125
52764;9006;51593;0.953110;0.328125
52760;8192;51606;0.953110;0.609360
52661;9006;51617;0.875000;0.328125
52760;8192;51606;0.953110;0.609360
52668;8192;51627;0.875000;0.609360
52764;9006;51593;0.875000;0.328125
52846;9006;51659;0.953110;0.328125
52834;8192;51665;0.953110;0.609360
52764;9006;51593;0.875000;0.328125
52834;8192;51665;0.953110;0.609360
52760;8192;51606;0.875000;0.609360
52846;9006;51659;0.875000;0.328125
52846;9006;51765;0.953110;0.328125
52834;8192;51759;0.953110;0.609360
52846;9006;51659;0.875000;0.328125
52834;8192;51759;0.953110;0.609360
52834;8192;51665;0.875000;0.609360
52846;9006;51765;0.875000;0.328125
52764;9006;51831;0.953110;0.328125
52760;8192;51818;0.953110;0.609360
52846;9006;51765;0.875000;0.328125
52760;8192;51818;0.953110;0.609360
52834;8192;51759;0.875000;0.609360
52764;9006;51831;0.875000;0.328125
52661;9006;51807;0.953110;0.328125
52668;8192;51797;0.953110;0.609360
52764;9006;51831;0.875000;0.328125
52668;8192;51797;0.953110;0.609360
52760;8192;51818;0.875000;0.609360
52661;9006;51807;0.875000;0.328125
52615;9006;51712;0.953110;0.328125
52628;8192;51712;0.953110;0.609360
52661;9006;51807;0.875000;0.328125
52628;8192;51712;0.953110;0.609360
52668;8192;51797;0.875000;0.609360
52615;9006;47616;0.875000;0.328125
52661;9006;47521;0.953110;0.328125
52668;8192;47531;0.953110;0.609360
52615;9006;47616;0.875000;0.328125
52668;8192;47531;0.953110;0.609360
52628;8192;47616;0.875000;0.609360
52661;9006;47521;0.875000;0.328125
52764;9006;47497;0.953110;0.328125
52760;8192;47510;0.953110;0.609360
52661;9006;47521;0.875000;0.328125
52760;8192;47510;0.953110;0.609360
52668;8192;47531;0.875000;0.609360
52764;9006;47497;0.875000;0.328125
52846;9006;47563;0.953110;0.328125
52834;8192;47569;0.953110;0.609360
52764;9006;47497;0.875000;0.328125
52834;8192;47569;0.953110;0.609360
52760;8192;47510;0.875000;0.609360
52846;9006;47563;0.875000;0.328125
52846;9006;47669;0.953110;0.328125
52834;8192;47663;0.953110;0.609360
52846;9006;47563;0.875000;0.328125
52834;8192;47663;0.953110;0.609360
52834;8192;47569;0.875000;0.609360
52846;9006;47669;0.875000;0.328125
52764;9006;47735;0.953110;0.328125
52760;8192;47722;0.953110;0.609360
52846;9006;47669;0.875000;0.328125
52760;8192;47722;0.953110;0.609360
52834;8192;47663;0.875000;0.609360
52764;9006;47735;0.875000;0.328125
52661;9006;47711;0.953110;0.328125
52668;8192;47701;0.953110;0.609360
52764;9006;47735;0.875000;0.328125
52668;8192;47701;0.953110;0.609360
52760;8192;47722;0.875000;0.609360
52661;9006;47711;0.875000;0.328125
52615;9006;47616;0.953110;0.328125
52628;8192;47616;0.953110;0.609360
52661;9006;47711;0.875000;0.328125
52628;8192;47616;0.953110;0.609360
52668;8192;47701;0.875000;0.609360
52615;9006;53760;0.875000;0.328125
52661;9006;53665;0.953110;0.328125
52668;8192;53675;0.953110;0.609360
52615;9006;53760;0.875000;0.328125
52668;8192;53675;0.953110;0.609360
52628;8192;53760;0.875000;0.609360
52661;9006;53665;0.875000;0.328125
52764;9006;53641;0.953110;0.328125
52760;8192;53654;0.953110;0.609360
52661;9006;53665;0.875000;0.328125
52760;8192;53654;0.953110;0.609360
52668;8192;53675;0.875000;0.609360
52764;9006;53641;0.875000;0.328125
52846;9006;53707;0.953110;0.328125
52834;8192;53713;0.953110;0.609360
52764;9006;53641;0.875000;0.328125
52834;8192;53713;0.953110;0.609360
52760;8192;53654;0.875000;0.609360
52846;9006;53707;0.875000;0.328125
52846;9006;53813;0.953110;0.328125
52834;8192;53807;0.953110;0.609360
52846;9006;53707;0.875000;0.328125
52834;8192;53807;0.953110;0.609360
52834;8192;53713;0.875000;0.609360
52846;9006;53813;0.875000;0.328125
52764;9006;53879;0.953110;0.328125
52760;8192;53866;0.953110;0.609360
52846;9006;53813;0.875000;0.328125
52760;8192;53866;0.953110;0.609360
52834;8192;53807;0.875000;0.609360
52764;9006;53879;0.875000;0.328125
52661;9006;53855;0.953110;0.328125
52668;8192;53845;0.953110;0.609360
52764;9006;53879;0.875000;0.328125
52668;8192;53845;0.953110;0.609360
52760;8192;53866;0.875000;0.609360
52661;9006;53855;0.875000;0.328125
52615;9006;53760;0.953110;0.328125
52628;8192;53760;0.953110;0.609360
52661;9006;53855;0.875000;0.328125
52628;8192;53760;0.953110;0.609360
52668;8192;53845;0.875000;0.609360
56711;9006;49664;0.875000;0.328125
56757;9006;49569;0.953110;0.328125
56764;8192;49579;0.953110;0.609360
56711;9006;49664;0.875000;0.328125
56764;8192;49579;0.953110;0.609360
56724;8192;49664;0.875000;0.609360
56757;9006;49569;0.875000;0.328125
56860;9006;49545;0.953110;0.328125
56856;8192;49558;0.953110;0.609360
56757;9006;49569;0.875000;0.328125
56856;8192;49558;0.953110;0.609360
56764;8192;49579;0.875000;0.609360
56860;9006;49545;0.875000;0.328125
56942;9006;49611;0.953110;0.328125
56930;8192;49617;0.953110;0.609360
56860;9006;49545;0.875000;0.328125
56930;8192;49617;0.953110;0.609360
56856;8192;49558;0.875000;0.609360
56942;9006;49611;0.875000;0.328125
56942;9006;49717;0.953110;0.328125
56930;8192;49711;0.953110;0.609360
56942;9006;49611;0.875000;0.328125
56930;8192;49711;0.953110;0.609360
56930;8192;49617;0.875000;0.609360
56942;9006;49717;0.875000;0.328125
56860;9006;49783;0.953110;0.328125
56856;8192;49770;0.953110;0.609360
56942;9006;49717;0.875000;0.328125
56856;8192;49770;0.953110;0.609360
56930;8192;49711;0.875000;0.609360
56860;9006;49783;0.875000;0.328125
56757;9006;49759;0.953110;0.328125
56764;8192;49749;0.953110;0.609360
56860;9006;49783;0.875000;0.328125
56764;8192;49749;0.953110;0.609360
56856;8192;49770;0.875000;0.609360
56757;9006;49759;0.875000;0.328125
56711;9006;49664;0.953110;0.328125
56724;8192;49664;0.953110;0.609360
56757;9006;49759;0.875000;0.328125
56724;8192;49664;0.953110;0.609360
56764;8192;49749;0.875000;0.609360
56711;9006;51712;0.875000;0.328125
56757;9006;51617;0.953110;0.328125
56764;8192;51627;0.953110;0.609360
56711;9006;51712;0.875000;0.328125
56764;8192;51627;0.953110;0.609360
56724;8192;51712;0.875000;0.609360
56757;9006;51617;0.875000;0.328125
56860;9006;51593;0.953110;0.328125
56856;8192;51606;0.953110;0.609360
56757;9006;51617;0.875000;0.328125
56856;8192;51606;0.953110;0.609360
56764;8192;51627;0.875000;0.609360
56860;9006;51593;0.875000;0.328125
56942;9006;51659;0.953110;0.328125
56930;8192;51665;0.953110;0.609360
56860;9006;51593;0.875000;0.328125
56930;8192;51665;0.953110;0.609360
56856;8192;51606;0.875000;0.609360
56942;9006;51659;0.875000;0.328125
56942;9006;51765;0.953110;0.328125
56930;8192;51759;0.953110;0.609360
56942;9006;51659;0.875000;0.328125
56930;8192;51759;0.953110;0.609360
56930;8192;51665;0.875000;0.609360
56942;9006;51765;0.875000;0.328125
56860;9006;51831;0.953110;0.328125
56856;8192;51818;0.953110;0.609360
56942;9006;51765;0.875000;0.328125
56856;8192;51818;0.953110;0.609360
56930;8192;51759;0.875000;0.609360
56860;9006;51831;0.875000;0.328125
56757;9006;51807;0.953110;0.328125
56764;8192;51797;0.953110;0.609360
56860;9006;51831;0.875000;0.328125
56764;8192;51797;0.953110;0.609360
56856;8192;51818;0.875000;0.609360
56757;9006;51807;0.875000;0.328125
56711;9006;51712;0.953110;0.328125
56724;8192;51712;0.953110;0.609360
56757;9006;51807;0.875000;0.328125
56724;8192;51712;0.953110;0.609360
56764;8192;51797;0.875000;0.609360
56711;9006;47616;0.875000;0.328125
56757;9006;47521;0.953110;0.328125
56764;8192;47531;0.953110;0.609360
56711;9006;47616;0.875000;0.328125
56764;8192;47531;0.953110;0.609360
56724;8192;47616;0.875000;0.609360
56757;9006;47521;0.875000;0.328125
56860;9006;47497;0.953110;0.328125
56856;8192;47510;0.953110;0.609360
56757;9006;47521;0.875000;0.328125
56856;8192;47510;0.953110;0.609360
56764;8192;47531;0.875000;0.609360
56860;9006;47497;0.875000;0.328125
56942;9006;47563;0.953110;0.328125
56930;8192;47569;0.953110;0.609360
56860;9006;47497;0.875000;0.328125
56930;8192;47569;0.953110;0.609360
56856;8192;47510;0.875000;0.609360
56942;9006;47563;0.875000;0.328125
56942;9006;47669;0.953110;0.328125
56930;8192;47663;0.953110;0.609360
56942;9006;47563;0.875000;0.328125
56930;8192;47663;0.953110;0.609360
56930;8192;47569;0.875000;0.609360
56942;9006;47669;0.875000;0.328125
56860;9006;47735;0.953110;0.328125
56856;8192;47722;0.953110;0.609360
56942;9006;47669;0.875000;0.328125
56856;8192;47722;0.953110;0.609360
56930;8192;47663;0.875000;0.609360
56860;9006;47735;0.875000;0.328125
56757;9006;47711;0.953110;0.328125
56764;8192;47701;0.953110;0.609360
56860;9006;47735;0.875000;0.328125
56764;8192;47701;0.953110;0.609360
56856;8192;47722;0.875000;0.609360
56757;9006;47711;0.875000;0.328125
56711;9006;47616;0.953110;0.328125
56724;8192;47616;0.953110;0.609360
56757;9006;47711;0.875000;0.328125
56724;8192;47616;0.953110;0.609360
56764;8192;47701;0.875000;0.609360
56711;9006;53760;0.875000;0.328125
56757;9006;53665;0.953110;0.328125
56764;8192;53675;0.953110;0.609360
56711;9006;53760;0.875000;0.328125
56764;8192;53675;0.953110;0.609360
56724;8192;53760;0.875000;0.609360
56757;9006;53665;0.875000;0.328125
56860;9006;53641;0.953110;0.328125
56856;8192;53654;0.953110;0.609360
56757;9006;53665;0.875000;0.328125
56856;8192;53654;0.953110;0.609360
56764;8192;53675;0.875000;0.609360
56860;9006;53641;0.875000;0.328125
56942;9006;53707;0.953110;0.328125
56930;8192;53713;0.953110;0.609360
56860;9006;53641;0.875000;0.328125
56930;8192;53713;0.953110;0.609360
56856;8192;53654;0.875000;0.609360
56942;9006;53707;0.875000;0.328125
56942;9006;53813;0.953110;0.328125
56930;8192;53807;0.953110;0.609360
56942;9006;53707;0.875000;0.328125
56930;8192;53807;0.953110;0.609360
56930;8192;53713;0.875000;0.609360
56942;9006;53813;0.875000;0.328125
56860;9006;53879;0.953110;0.328125
56856;8192;53866;0.953110;0.609360
56942;9006;53813;0.875000;0.328125
56856;8192;53866;0.953110;0.609360
56930;8192;53807;0.875000;0.609360
56860;9006;53879;0.875000;0.328125
56757;9006;53855;0.953110;0.328125
56764;8192;53845;0.953110;0.609360
56860;9006;53879;0.875000;0.328125
56764;8192;53845;0.953110;0.609360
56856;8192;53866;0.875000;0.609360
56757;9006;53855;0.875000;0.328125
56711;9006;53760;0.953110;0.328125
56724;8192;53760;0.953110;0.609360
56757;9006;53855;0.875000;0.328125
56724;8192;53760;0.953110;0.609360
56764;8192;53845;0.875000;0.609360
54801;9720;54288;0.875000;0.093750
54773;9720;54288;0.968735;0.093750
54762;9542;54294;0.968735;0.328110
54801;9720;54288;0.875000;0.093750
54762;9542;54294;0.968735;0.328110
54811;9542;54294;0.875000;0.328110
54801;9336;47120;0.875000;0.093750
54773;9336;47120;0.968735;0.093750
54762;9158;47126;0.968735;0.328110
54801;9336;47120;0.875000;0.093750
54762;9158;47126;0.968735;0.328110
54811;9158;47126;0.875000;0.328110
52753;9720;52240;0.875000;0.093750
52725;9720;52240;0.968735;0.093750
52714;9542;52246;0.968735;0.328110
52753;9720;52240;0.875000;0.093750
52714;9542;52246;0.968735;0.328110
52763;9542;52246;0.875000;0.328110
55825;9336;45072;0.875000;0.093750
55797;9336;45072;0.968735;0.093750
55786;9158;45078;0.968735;0.328110
55825;9336;45072;0.875000;0.093750
55786;9158;45078;0.968735;0.328110
55835;9158;45078;0.875000;0.328110
