texture10.bmp
2331
36864;6656;37888;0.250000;0.000000
36864;6656;38912;0.499985;0.000000
36864;5632;38912;0.499985;0.249985
36864;6656;37888;0.250000;0.000000
36864;5632;38912;0.499985;0.249985
36864;5632;37888;0.250000;0.249985
37888;5632;39936;0.500000;0.500000
36864;5632;39936;0.749985;0.500000
36864;5632;40960;0.749985;0.749985
37888;5632;39936;0.500000;0.500000
36864;5632;40960;0.749985;0.749985
37888;5632;40960;0.500000;0.749985
38912;5632;39936;0.500000;0.500000
37888;5632;39936;0.749985;0.500000
37888;5632;40960;0.749985;0.749985
38912;5632;39936;0.500000;0.500000
37888;5632;40960;0.749985;0.749985
38912;5632;40960;0.500000;0.749985
37888;5632;40960;0.500000;0.500000
36864;5632;40960;0.749985;0.500000
36864;5632;41984;0.749985;0.749985
37888;5632;40960;0.500000;0.500000
36864;5632;41984;0.749985;0.749985
37888;5632;41984;0.500000;0.749985
37888;5632;41984;0.500000;0.500000
36864;5632;41984;0.749985;0.500000
36864;5632;43008;0.749985;0.749985
37888;5632;41984;0.500000;0.500000
36864;5632;43008;0.749985;0.749985
37888;5632;43008;0.500000;0.749985
38912;5632;40960;0.500000;0.500000
37888;5632;40960;0.749985;0.500000
37888;5632;41984;0.749985;0.749985
38912;5632;40960;0.500000;0.500000
37888;5632;41984;0.749985;0.749985
38912;5632;41984;0.500000;0.749985
38912;5632;41984;0.500000;0.500000
37888;5632;41984;0.749985;0.500000
37888;5632;43008;0.749985;0.749985
38912;5632;41984;0.500000;0.500000
37888;5632;43008;0.749985;0.749985
38912;5632;43008;0.500000;0.749985
38912;5888;40960;0.500000;0.500000
38912;5888;41984;0.749985;0.500000
39936;5888;41984;0.749985;0.749985
38912;5888;40960;0.500000;0.500000
39936;5888;41984;0.749985;0.749985
39936;5888;40960;0.500000;0.749985
38912;5888;41984;0.500000;0.500000
38912;5888;43008;0.749985;0.500000
39936;5888;43008;0.749985;0.749985
38912;5888;41984;0.500000;0.500000
39936;5888;43008;0.749985;0.749985
39936;5888;41984;0.500000;0.749985
57344;4864;30720;0.500000;0.500000
56320;4864;30720;0.749985;0.500000
56320;4864;31744;0.749985;0.749985
57344;4864;30720;0.500000;0.500000
56320;4864;31744;0.749985;0.749985
57344;4864;31744;0.500000;0.749985
52224;7168;54272;0.500000;0.250000
53248;7168;54272;0.749985;0.250000
53248;5888;54272;0.749985;0.499985
52224;7168;54272;0.500000;0.250000
53248;5888;54272;0.749985;0.499985
52224;5888;54272;0.500000;0.499985
53248;5888;53248;0.500000;0.500000
53248;5888;54272;0.749985;0.500000
54272;5888;54272;0.749985;0.749985
53248;5888;53248;0.500000;0.500000
54272;5888;54272;0.749985;0.749985
54272;5888;53248;0.500000;0.749985
54272;7936;53248;0.750000;0.750000
53248;7936;53248;0.999985;0.750000
53248;7424;53248;0.999985;0.874985
54272;7936;53248;0.750000;0.750000
53248;7424;53248;0.999985;0.874985
54272;7424;53248;0.750000;0.874985
54272;7424;53248;0.750000;0.875000
53248;7424;53248;0.999985;0.875000
53248;6912;53248;0.999985;0.999985
54272;7424;53248;0.750000;0.875000
53248;6912;53248;0.999985;0.999985
54272;6912;53248;0.750000;0.999985
53248;7936;54272;0.000000;0.062500
54272;7936;54272;0.249985;0.062500
54272;7168;54272;0.249985;0.249985
53248;7936;54272;0.000000;0.062500
54272;7168;54272;0.249985;0.249985
53248;7168;54272;0.000000;0.249985
54272;5888;53248;0.500000;0.500000
54272;5888;54272;0.749985;0.500000
55296;5888;54272;0.749985;0.749985
54272;5888;53248;0.500000;0.500000
55296;5888;54272;0.749985;0.749985
55296;5888;53248;0.500000;0.749985
54272;7168;54272;0.250000;0.250000
55296;7168;54272;0.499985;0.250000
55296;5888;54272;0.499985;0.499985
54272;7168;54272;0.250000;0.250000
55296;5888;54272;0.499985;0.499985
54272;5888;54272;0.250000;0.499985
55296;5888;53248;0.500000;0.500000
55296;5888;54272;0.749985;0.500000
56320;5888;54272;0.749985;0.749985
55296;5888;53248;0.500000;0.500000
56320;5888;54272;0.749985;0.749985
56320;5888;53248;0.500000;0.749985
55296;7936;54272;0.000000;0.062500
56320;7936;54272;0.249985;0.062500
56320;7168;54272;0.249985;0.249985
55296;7936;54272;0.000000;0.062500
56320;7168;54272;0.249985;0.249985
55296;7168;54272;0.000000;0.249985
57344;7936;53248;0.999985;0.750000
56320;7936;53248;0.750000;0.750000
56320;7424;53248;0.750000;0.874985
57344;7936;53248;0.999985;0.750000
56320;7424;53248;0.750000;0.874985
57344;7424;53248;0.999985;0.874985
57344;7424;53248;0.999985;0.875000
56320;7424;53248;0.750000;0.875000
56320;6912;53248;0.750000;0.999985
57344;7424;53248;0.999985;0.875000
56320;6912;53248;0.750000;0.999985
57344;6912;53248;0.999985;0.999985
56320;7168;54272;0.500000;0.250000
57344;7168;54272;0.749985;0.250000
57344;5888;54272;0.749985;0.499985
56320;7168;54272;0.500000;0.250000
57344;5888;54272;0.749985;0.499985
56320;5888;54272;0.500000;0.499985
41984;7168;49152;0.500000;0.250000
41984;7168;50176;0.749985;0.250000
41984;5888;50176;0.749985;0.499985
41984;7168;49152;0.500000;0.250000
41984;5888;50176;0.749985;0.499985
41984;5888;49152;0.500000;0.499985
43008;5888;50176;0.500000;0.500000
41984;5888;50176;0.749985;0.500000
41984;5888;51200;0.749985;0.749985
43008;5888;50176;0.500000;0.500000
41984;5888;51200;0.749985;0.749985
43008;5888;51200;0.500000;0.749985
41984;7168;50176;0.999985;0.250000
41984;7168;51200;0.750000;0.250000
41984;5888;51200;0.750000;0.499985
41984;7168;50176;0.999985;0.250000
41984;5888;51200;0.750000;0.499985
41984;5888;50176;0.999985;0.499985
41984;7936;50176;0.999985;0.750000
41984;7936;51200;0.750000;0.750000
41984;7168;51200;0.750000;0.937485
41984;7936;50176;0.999985;0.750000
41984;7168;51200;0.750000;0.937485
41984;7168;50176;0.999985;0.937485
43008;5888;52224;0.000000;0.250000
41984;5888;52224;0.249985;0.250000
41984;5888;53248;0.249985;0.499985
43008;5888;52224;0.000000;0.250000
41984;5888;53248;0.249985;0.499985
43008;5888;53248;0.000000;0.499985
41984;7168;52224;0.750000;0.250000
41984;7168;53248;0.999985;0.250000
41984;5888;53248;0.999985;0.499985
41984;7168;52224;0.750000;0.250000
41984;5888;53248;0.999985;0.499985
41984;5888;52224;0.750000;0.499985
41984;7936;52224;0.750000;0.750000
41984;7936;53248;0.999985;0.750000
41984;7168;53248;0.999985;0.937485
41984;7936;52224;0.750000;0.750000
41984;7168;53248;0.999985;0.937485
41984;7168;52224;0.750000;0.937485
41984;5888;54272;0.000000;0.250000
43008;5888;54272;0.249985;0.250000
43008;5888;53248;0.249985;0.499985
41984;5888;54272;0.000000;0.250000
43008;5888;53248;0.249985;0.499985
41984;5888;53248;0.000000;0.499985
41984;7168;53248;0.999985;0.250000
41984;7168;54272;0.750000;0.250000
41984;5888;54272;0.750000;0.499985
41984;7168;53248;0.999985;0.250000
41984;5888;54272;0.750000;0.499985
41984;5888;53248;0.999985;0.499985
41984;7936;53248;0.999985;0.750000
41984;7936;54272;0.750000;0.750000
41984;7168;54272;0.750000;0.937485
41984;7936;53248;0.999985;0.750000
41984;7168;54272;0.750000;0.937485
41984;7168;53248;0.999985;0.937485
44032;5632;49152;0.000000;0.500000
43008;5632;49152;0.249985;0.500000
43008;5632;50176;0.249985;0.749985
44032;5632;49152;0.000000;0.500000
43008;5632;50176;0.249985;0.749985
44032;5632;50176;0.000000;0.749985
44032;5632;50176;0.750000;0.500000
43008;5632;50176;0.999985;0.500000
43008;5632;51200;0.999985;0.749985
44032;5632;50176;0.750000;0.500000
43008;5632;51200;0.999985;0.749985
44032;5632;51200;0.750000;0.749985
44032;5632;51200;0.000000;0.750000
43008;5632;51200;0.249985;0.750000
43008;5632;52224;0.249985;0.999985
44032;5632;51200;0.000000;0.750000
43008;5632;52224;0.249985;0.999985
44032;5632;52224;0.000000;0.999985
44032;5888;52224;0.000000;0.250000
43008;5888;52224;0.249985;0.250000
43008;5888;53248;0.249985;0.499985
44032;5888;52224;0.000000;0.250000
43008;5888;53248;0.249985;0.499985
44032;5888;53248;0.000000;0.499985
44032;5888;53248;0.000000;0.250000
43008;5888;53248;0.249985;0.250000
43008;5888;54272;0.249985;0.499985
44032;5888;53248;0.000000;0.250000
43008;5888;54272;0.249985;0.499985
44032;5888;54272;0.000000;0.499985
43008;7168;54272;0.750000;0.250000
44032;7168;54272;0.999985;0.250000
44032;5888;54272;0.999985;0.499985
43008;7168;54272;0.750000;0.250000
44032;5888;54272;0.999985;0.499985
43008;5888;54272;0.750000;0.499985
44032;5632;49152;0.750000;0.500000
44032;5632;50176;0.999985;0.500000
45056;5632;50176;0.999985;0.749985
44032;5632;49152;0.750000;0.500000
45056;5632;50176;0.999985;0.749985
45056;5632;49152;0.750000;0.749985
45056;5632;50176;0.000000;0.500000
44032;5632;50176;0.249985;0.500000
44032;5632;51200;0.249985;0.749985
45056;5632;50176;0.000000;0.500000
44032;5632;51200;0.249985;0.749985
45056;5632;51200;0.000000;0.749985
45056;5632;52224;0.750000;0.500000
45056;5632;51200;0.999985;0.500000
44032;5632;51200;0.999985;0.749985
45056;5632;52224;0.750000;0.500000
44032;5632;51200;0.999985;0.749985
44032;5632;52224;0.750000;0.749985
44032;7168;54272;0.500000;0.250000
45056;7168;54272;0.749985;0.250000
45056;5888;54272;0.749985;0.499985
44032;7168;54272;0.500000;0.250000
45056;5888;54272;0.749985;0.499985
44032;5888;54272;0.500000;0.499985
45056;5632;50176;0.750000;0.500000
46080;5632;50176;0.999985;0.500000
46080;5632;49152;0.999985;0.749985
45056;5632;50176;0.750000;0.500000
46080;5632;49152;0.999985;0.749985
45056;5632;49152;0.750000;0.749985
46080;5632;50176;0.250000;0.750000
45056;5632;50176;0.499985;0.750000
45056;5632;51200;0.499985;0.999985
46080;5632;50176;0.250000;0.750000
45056;5632;51200;0.499985;0.999985
46080;5632;51200;0.250000;0.999985
45056;5632;52224;0.250000;0.750000
46080;5632;52224;0.499985;0.750000
46080;5632;51200;0.499985;0.999985
45056;5632;52224;0.250000;0.750000
46080;5632;51200;0.499985;0.999985
45056;5632;51200;0.250000;0.999985
45056;5888;52224;0.500000;0.500000
45056;5888;53248;0.749985;0.500000
46080;5888;53248;0.749985;0.749985
45056;5888;52224;0.500000;0.500000
46080;5888;53248;0.749985;0.749985
46080;5888;52224;0.500000;0.749985
45056;5888;53248;0.500000;0.500000
45056;5888;54272;0.749985;0.500000
46080;5888;54272;0.749985;0.749985
45056;5888;53248;0.500000;0.500000
46080;5888;54272;0.749985;0.749985
46080;5888;53248;0.500000;0.749985
45056;7936;54272;0.000000;0.062500
46080;7936;54272;0.249985;0.062500
46080;7168;54272;0.249985;0.249985
45056;7936;54272;0.000000;0.062500
46080;7168;54272;0.249985;0.249985
45056;7168;54272;0.000000;0.249985
46080;5632;49152;0.750000;0.500000
46080;5632;50176;0.999985;0.500000
47104;5632;50176;0.999985;0.749985
46080;5632;49152;0.750000;0.500000
47104;5632;50176;0.999985;0.749985
47104;5632;49152;0.750000;0.749985
47104;5632;50176;0.000000;0.500000
46080;5632;50176;0.249985;0.500000
46080;5632;51200;0.249985;0.749985
47104;5632;50176;0.000000;0.500000
46080;5632;51200;0.249985;0.749985
47104;5632;51200;0.000000;0.749985
47104;5632;51200;0.250000;0.750000
46080;5632;51200;0.499985;0.750000
46080;5632;52224;0.499985;0.999985
47104;5632;51200;0.250000;0.750000
46080;5632;52224;0.499985;0.999985
47104;5632;52224;0.250000;0.999985
46080;5888;52224;0.500000;0.500000
46080;5888;53248;0.749985;0.500000
47104;5888;53248;0.749985;0.749985
46080;5888;52224;0.500000;0.500000
47104;5888;53248;0.749985;0.749985
47104;5888;52224;0.500000;0.749985
46080;5888;53248;0.500000;0.500000
46080;5888;54272;0.749985;0.500000
47104;5888;54272;0.749985;0.749985
46080;5888;53248;0.500000;0.500000
47104;5888;54272;0.749985;0.749985
47104;5888;53248;0.500000;0.749985
46080;7168;54272;0.250000;0.250000
47104;7168;54272;0.499985;0.250000
47104;5888;54272;0.499985;0.499985
46080;7168;54272;0.250000;0.250000
47104;5888;54272;0.499985;0.499985
46080;5888;54272;0.250000;0.499985
48128;5632;50176;0.750000;0.500000
48128;5632;49152;0.999985;0.500000
47104;5632;49152;0.999985;0.749985
48128;5632;50176;0.750000;0.500000
47104;5632;49152;0.999985;0.749985
47104;5632;50176;0.750000;0.749985
47104;5888;52224;0.500000;0.500000
47104;5888;53248;0.749985;0.500000
48128;5888;53248;0.749985;0.749985
47104;5888;52224;0.500000;0.500000
48128;5888;53248;0.749985;0.749985
48128;5888;52224;0.500000;0.749985
47104;5888;53248;0.500000;0.500000
47104;5888;54272;0.749985;0.500000
48128;5888;54272;0.749985;0.749985
47104;5888;53248;0.500000;0.500000
48128;5888;54272;0.749985;0.749985
48128;5888;53248;0.500000;0.749985
47104;7168;54272;0.500000;0.250000
48128;7168;54272;0.749985;0.250000
48128;5888;54272;0.749985;0.499985
47104;7168;54272;0.500000;0.250000
48128;5888;54272;0.749985;0.499985
47104;5888;54272;0.500000;0.499985
48128;5632;49152;0.250000;0.750000
48128;5632;50176;0.499985;0.750000
49152;5632;50176;0.499985;0.999985
48128;5632;49152;0.250000;0.750000
49152;5632;50176;0.499985;0.999985
49152;5632;49152;0.250000;0.999985
48128;7936;54272;0.000000;0.062500
49152;7936;54272;0.249985;0.062500
49152;7168;54272;0.249985;0.249985
48128;7936;54272;0.000000;0.062500
49152;7168;54272;0.249985;0.249985
48128;7168;54272;0.000000;0.249985
50176;5888;49152;0.500000;0.500000
49152;5888;49152;0.749985;0.500000
49152;5888;50176;0.749985;0.749985
50176;5888;49152;0.500000;0.500000
49152;5888;50176;0.749985;0.749985
50176;5888;50176;0.500000;0.749985
50176;5888;50176;0.500000;0.500000
49152;5888;50176;0.749985;0.500000
49152;5888;51200;0.749985;0.749985
50176;5888;50176;0.500000;0.500000
49152;5888;51200;0.749985;0.749985
50176;5888;51200;0.500000;0.749985
50176;5888;52224;0.000000;0.250000
49152;5888;52224;0.249985;0.250000
49152;5888;53248;0.249985;0.499985
50176;5888;52224;0.000000;0.250000
49152;5888;53248;0.249985;0.499985
50176;5888;53248;0.000000;0.499985
50176;5888;53248;0.000000;0.250000
49152;5888;53248;0.249985;0.250000
49152;5888;54272;0.249985;0.499985
50176;5888;53248;0.000000;0.250000
49152;5888;54272;0.249985;0.499985
50176;5888;54272;0.000000;0.499985
49152;7168;54272;0.500000;0.250000
50176;7168;54272;0.749985;0.250000
50176;5888;54272;0.749985;0.499985
49152;7168;54272;0.500000;0.250000
50176;5888;54272;0.749985;0.499985
49152;5888;54272;0.500000;0.499985
51200;5888;49152;0.500000;0.500000
50176;5888;49152;0.749985;0.500000
50176;5888;50176;0.749985;0.749985
51200;5888;49152;0.500000;0.500000
50176;5888;50176;0.749985;0.749985
51200;5888;50176;0.500000;0.749985
51200;5888;50176;0.500000;0.500000
50176;5888;50176;0.749985;0.500000
50176;5888;51200;0.749985;0.749985
51200;5888;50176;0.500000;0.500000
50176;5888;51200;0.749985;0.749985
51200;5888;51200;0.500000;0.749985
51200;5888;52224;0.000000;0.250000
50176;5888;52224;0.249985;0.250000
50176;5888;53248;0.249985;0.499985
51200;5888;52224;0.000000;0.250000
50176;5888;53248;0.249985;0.499985
51200;5888;53248;0.000000;0.499985
51200;5888;53248;0.000000;0.250000
50176;5888;53248;0.249985;0.250000
50176;5888;54272;0.249985;0.499985
51200;5888;53248;0.000000;0.250000
50176;5888;54272;0.249985;0.499985
51200;5888;54272;0.000000;0.499985
50176;7168;54272;0.749985;0.750000
51200;7168;54272;0.500000;0.750000
51200;5888;54272;0.500000;0.999985
50176;7168;54272;0.749985;0.750000
51200;5888;54272;0.500000;0.999985
50176;5888;54272;0.749985;0.999985
48128;5376;51200;0.750000;0.749985
48128;5632;50176;0.750000;0.500000
47104;5632;51200;0.999985;0.749985
47104;5632;50176;0.999985;0.500000
47104;5632;51200;0.999985;0.749985
48128;5632;50176;0.750000;0.500000
48128;5376;51200;0.750000;0.749985
47104;5632;51200;0.750000;0.500000
48128;5632;52224;0.999985;0.749985
47104;5632;52224;0.999985;0.500000
48128;5632;52224;0.999985;0.749985
47104;5632;51200;0.750000;0.500000
49152;5632;50176;0.999985;0.500000
48128;5632;50176;0.999985;0.749985
49152;5632;51200;0.750000;0.500000
48128;5376;51200;0.750000;0.749985
49152;5632;51200;0.750000;0.500000
48128;5632;50176;0.999985;0.749985
49152;5376;52224;0.000000;0.999985
49152;5632;51200;0.000000;0.750000
48128;5376;51200;0.249985;0.999985
48128;5632;52224;0.249985;0.750000
49152;5376;52224;0.249985;0.999985
48128;5376;51200;0.000000;0.750000
49152;5632;52224;0.249985;0.937500
49152;5376;52224;0.249985;0.999985
48128;5632;52224;0.000000;0.937500
49152;5632;52224;0.000000;0.937500
49152;5632;51200;0.249985;0.937500
49152;5376;52224;0.000000;0.999985
50325;6519;52145;0.500000;0.250000
50027;6519;52145;0.749985;0.250000
50027;5887;52145;0.749985;0.499985
50325;6519;52145;0.500000;0.250000
50027;5887;52145;0.749985;0.499985
50325;5887;52145;0.500000;0.499985
50325;6519;51892;0.500000;0.250000
50325;6519;52145;0.749985;0.250000
50325;5887;52145;0.749985;0.499985
50325;6519;51892;0.500000;0.250000
50325;5887;52145;0.749985;0.499985
50325;5887;51892;0.500000;0.499985
50027;6519;51892;0.500000;0.250000
50325;6519;51892;0.749985;0.250000
50325;5887;51892;0.749985;0.499985
50027;6519;51892;0.500000;0.250000
50325;5887;51892;0.749985;0.499985
50027;5887;51892;0.500000;0.499985
50027;6519;52145;0.500000;0.250000
50027;6519;51892;0.749985;0.250000
50027;5887;51892;0.749985;0.499985
50027;6519;52145;0.500000;0.250000
50027;5887;51892;0.749985;0.499985
50027;5887;52145;0.500000;0.499985
51144;6519;53169;0.500000;0.250000
50846;6519;53169;0.749985;0.250000
50846;5888;53169;0.749985;0.499985
51144;6519;53169;0.500000;0.250000
50846;5888;53169;0.749985;0.499985
51144;5888;53169;0.500000;0.499985
50846;6519;53169;0.500000;0.250000
50846;6519;52916;0.749985;0.250000
50846;5888;52916;0.749985;0.499985
50846;6519;53169;0.500000;0.250000
50846;5888;52916;0.749985;0.499985
50846;5888;53169;0.500000;0.499985
50846;6519;52916;0.500000;0.250000
51144;6519;52916;0.749985;0.250000
51144;5888;52916;0.749985;0.499985
50846;6519;52916;0.500000;0.250000
51144;5888;52916;0.749985;0.499985
50846;5888;52916;0.500000;0.499985
51144;6519;52916;0.500000;0.250000
51144;6519;53169;0.749985;0.250000
51144;5888;53169;0.749985;0.499985
51144;6519;52916;0.500000;0.250000
51144;5888;53169;0.749985;0.499985
51144;5888;52916;0.500000;0.499985
50325;6519;50097;0.500000;0.250000
50027;6519;50097;0.749985;0.250000
50027;5887;50097;0.749985;0.499985
50325;6519;50097;0.500000;0.250000
50027;5887;50097;0.749985;0.499985
50325;5887;50097;0.500000;0.499985
50325;6519;49844;0.500000;0.250000
50325;6519;50097;0.749985;0.250000
50325;5887;50097;0.749985;0.499985
50325;6519;49844;0.500000;0.250000
50325;5887;50097;0.749985;0.499985
50325;5887;49844;0.500000;0.499985
50027;6519;49844;0.500000;0.250000
50325;6519;49844;0.749985;0.250000
50325;5887;49844;0.749985;0.499985
50027;6519;49844;0.500000;0.250000
50325;5887;49844;0.749985;0.499985
50027;5887;49844;0.500000;0.499985
50027;6519;50097;0.500000;0.250000
50027;6519;49844;0.749985;0.250000
50027;5887;49844;0.749985;0.499985
50027;6519;50097;0.500000;0.250000
50027;5887;49844;0.749985;0.499985
50027;5887;50097;0.500000;0.499985
45056;7936;33792;0.500000;0.500000
44032;7936;33792;0.749985;0.500000
44032;7936;34816;0.749985;0.749985
45056;7936;33792;0.500000;0.500000
44032;7936;34816;0.749985;0.749985
45056;7936;34816;0.500000;0.749985
44032;8960;33792;0.000000;0.000000
44032;8960;34816;0.249985;0.000000
44032;7936;34816;0.249985;0.249985
44032;8960;33792;0.000000;0.000000
44032;7936;34816;0.249985;0.249985
44032;7936;33792;0.000000;0.249985
45056;8960;33792;0.000000;0.000000
44032;8960;33792;0.249985;0.000000
44032;7936;33792;0.249985;0.249985
45056;8960;33792;0.000000;0.000000
44032;7936;33792;0.249985;0.249985
45056;7936;33792;0.000000;0.249985
45056;7936;34816;0.500000;0.500000
44032;7936;34816;0.749985;0.500000
44032;7936;35840;0.749985;0.749985
45056;7936;34816;0.500000;0.500000
44032;7936;35840;0.749985;0.749985
45056;7936;35840;0.500000;0.749985
44032;8960;34816;0.000000;0.000000
44032;8960;35840;0.249985;0.000000
44032;7936;35840;0.249985;0.249985
44032;8960;34816;0.000000;0.000000
44032;7936;35840;0.249985;0.249985
44032;7936;34816;0.000000;0.249985
45056;7936;35840;0.500000;0.500000
44032;7936;35840;0.749985;0.500000
44032;7936;36864;0.749985;0.749985
45056;7936;35840;0.500000;0.500000
44032;7936;36864;0.749985;0.749985
45056;7936;36864;0.500000;0.749985
44032;8960;35840;0.000000;0.000000
44032;8960;36864;0.249985;0.000000
44032;7936;36864;0.249985;0.249985
44032;8960;35840;0.000000;0.000000
44032;7936;36864;0.249985;0.249985
44032;7936;35840;0.000000;0.249985
45056;7936;36864;0.500000;0.500000
44032;7936;36864;0.749985;0.500000
44032;7936;37888;0.749985;0.749985
45056;7936;36864;0.500000;0.500000
44032;7936;37888;0.749985;0.749985
45056;7936;37888;0.500000;0.749985
44032;8960;36864;0.000000;0.000000
44032;8960;37888;0.249985;0.000000
44032;7936;37888;0.249985;0.249985
44032;8960;36864;0.000000;0.000000
44032;7936;37888;0.249985;0.249985
44032;7936;36864;0.000000;0.249985
44032;8960;37888;0.500000;0.000000
44032;9984;37888;0.749985;0.000000
45056;9984;37888;0.749985;0.249985
44032;8960;37888;0.500000;0.000000
45056;9984;37888;0.749985;0.249985
45056;8960;37888;0.500000;0.249985
52224;5888;43008;0.000000;0.250000
51200;5888;43008;0.249985;0.250000
51200;5888;44032;0.249985;0.499985
52224;5888;43008;0.000000;0.250000
51200;5888;44032;0.249985;0.499985
52224;5888;44032;0.000000;0.499985
52224;6656;43008;0.250000;0.312500
51200;6656;43008;0.499985;0.312500
51200;5888;43008;0.499985;0.499985
52224;6656;43008;0.250000;0.312500
51200;5888;43008;0.499985;0.499985
52224;5888;43008;0.250000;0.499985
52224;5888;44032;0.000000;0.250000
51200;5888;44032;0.249985;0.250000
51200;5888;45056;0.249985;0.499985
52224;5888;44032;0.000000;0.250000
51200;5888;45056;0.249985;0.499985
52224;5888;45056;0.000000;0.499985
53248;5888;43008;0.000000;0.250000
52224;5888;43008;0.249985;0.250000
52224;5888;44032;0.249985;0.499985
53248;5888;43008;0.000000;0.250000
52224;5888;44032;0.249985;0.499985
53248;5888;44032;0.000000;0.499985
53248;6656;43008;0.500000;0.312500
52224;6656;43008;0.749985;0.312500
52224;5888;43008;0.749985;0.499985
53248;6656;43008;0.500000;0.312500
52224;5888;43008;0.749985;0.499985
53248;5888;43008;0.500000;0.499985
53248;5888;44032;0.000000;0.250000
52224;5888;44032;0.249985;0.250000
52224;5888;45056;0.249985;0.499985
53248;5888;44032;0.000000;0.250000
52224;5888;45056;0.249985;0.499985
53248;5888;45056;0.000000;0.499985
54272;6656;43008;0.500000;0.312500
53248;6656;43008;0.749985;0.312500
53248;5888;43008;0.749985;0.499985
54272;6656;43008;0.500000;0.312500
53248;5888;43008;0.749985;0.499985
54272;5888;43008;0.500000;0.499985
54272;5888;43008;0.749985;0.500000
54272;5888;44032;0.500000;0.500000
55296;5888;44032;0.500000;0.749985
54272;5888;43008;0.749985;0.500000
55296;5888;44032;0.500000;0.749985
55296;5888;43008;0.749985;0.749985
55296;6656;43008;0.500000;0.312500
54272;6656;43008;0.749985;0.312500
54272;5888;43008;0.749985;0.499985
55296;6656;43008;0.500000;0.312500
54272;5888;43008;0.749985;0.499985
55296;5888;43008;0.500000;0.499985
54272;5888;44032;0.500000;0.500000
54272;5888;45056;0.749985;0.500000
55296;5888;45056;0.749985;0.749985
54272;5888;44032;0.500000;0.500000
55296;5888;45056;0.749985;0.749985
55296;5888;44032;0.500000;0.749985
55296;5888;43008;0.500000;0.500000
55296;5888;44032;0.749985;0.500000
56320;5888;44032;0.749985;0.749985
55296;5888;43008;0.500000;0.500000
56320;5888;44032;0.749985;0.749985
56320;5888;43008;0.500000;0.749985
56320;6656;43008;0.500000;0.312500
55296;6656;43008;0.749985;0.312500
55296;5888;43008;0.749985;0.499985
56320;6656;43008;0.500000;0.312500
55296;5888;43008;0.749985;0.499985
56320;5888;43008;0.500000;0.499985
55296;5888;44032;0.749985;0.500000
55296;5888;45056;0.500000;0.500000
56320;5888;45056;0.500000;0.749985
55296;5888;44032;0.749985;0.500000
56320;5888;45056;0.500000;0.749985
56320;5888;44032;0.749985;0.749985
47104;7168;37888;0.500000;0.250000
47104;7168;38912;0.749985;0.250000
47104;5888;38912;0.749985;0.499985
47104;7168;37888;0.500000;0.250000
47104;5888;38912;0.749985;0.499985
47104;5888;37888;0.500000;0.499985
48128;5888;38912;0.500000;0.500000
47104;5888;38912;0.749985;0.500000
47104;5888;39936;0.749985;0.749985
48128;5888;38912;0.500000;0.500000
47104;5888;39936;0.749985;0.749985
48128;5888;39936;0.500000;0.749985
47104;7168;38912;0.500000;0.250000
47104;7168;39936;0.749985;0.250000
47104;5888;39936;0.749985;0.499985
47104;7168;38912;0.500000;0.250000
47104;5888;39936;0.749985;0.499985
47104;5888;38912;0.500000;0.499985
48128;5888;39936;0.500000;0.500000
47104;5888;39936;0.749985;0.500000
47104;5888;40960;0.749985;0.749985
48128;5888;39936;0.500000;0.500000
47104;5888;40960;0.749985;0.749985
48128;5888;40960;0.500000;0.749985
47104;7168;39936;0.500000;0.250000
47104;7168;40960;0.749985;0.250000
47104;5888;40960;0.749985;0.499985
47104;7168;39936;0.500000;0.250000
47104;5888;40960;0.749985;0.499985
47104;5888;39936;0.500000;0.499985
47104;7168;40960;0.500000;0.250000
47104;7168;41984;0.749985;0.250000
47104;5888;41984;0.749985;0.499985
47104;7168;40960;0.500000;0.250000
47104;5888;41984;0.749985;0.499985
47104;5888;40960;0.500000;0.499985
49152;5888;38912;0.749985;0.500000
48128;5888;38912;0.500000;0.500000
48128;5888;39936;0.500000;0.749985
49152;5888;38912;0.749985;0.500000
48128;5888;39936;0.500000;0.749985
49152;5888;39936;0.749985;0.749985
49152;5888;40960;0.000000;0.250000
48128;5888;40960;0.249985;0.250000
48128;5888;41984;0.249985;0.499985
49152;5888;40960;0.000000;0.250000
48128;5888;41984;0.249985;0.499985
49152;5888;41984;0.000000;0.499985
49152;6656;38912;0.500000;0.312500
49152;6656;37888;0.749985;0.312500
49152;5888;37888;0.749985;0.499985
49152;6656;38912;0.500000;0.312500
49152;5888;37888;0.749985;0.499985
49152;5888;38912;0.500000;0.499985
49152;6656;39936;0.500000;0.312500
49152;6656;38912;0.749985;0.312500
49152;5888;38912;0.749985;0.499985
49152;6656;39936;0.500000;0.312500
49152;5888;38912;0.749985;0.499985
49152;5888;39936;0.500000;0.499985
49152;6656;41984;0.250000;0.312500
49152;6656;40960;0.437485;0.312500
49152;5888;40960;0.437485;0.499985
49152;6656;41984;0.250000;0.312500
49152;5888;40960;0.437485;0.499985
49152;5888;41984;0.250000;0.499985
41984;8960;49152;0.000000;0.000000
41984;8960;50176;0.249985;0.000000
41984;7936;50176;0.249985;0.249985
41984;8960;49152;0.000000;0.000000
41984;7936;50176;0.249985;0.249985
41984;7936;49152;0.000000;0.249985
41984;8960;51200;0.000000;0.000000
41984;8960;52224;0.249985;0.000000
41984;7936;52224;0.249985;0.249985
41984;8960;51200;0.000000;0.000000
41984;7936;52224;0.249985;0.249985
41984;7936;51200;0.000000;0.249985
43008;8448;54272;0.750000;0.750000
44032;8448;54272;0.999985;0.750000
44032;7936;54272;0.999985;0.874985
43008;8448;54272;0.750000;0.750000
44032;7936;54272;0.999985;0.874985
43008;7936;54272;0.750000;0.874985
49152;8448;54272;0.999985;0.750000
50176;8448;54272;0.750000;0.750000
50176;7936;54272;0.750000;0.874985
49152;8448;54272;0.999985;0.750000
50176;7936;54272;0.750000;0.874985
49152;7936;54272;0.999985;0.874985
51200;8192;49152;0.500000;0.500000
50176;8192;49152;0.749985;0.500000
50176;8192;50176;0.749985;0.749985
51200;8192;49152;0.500000;0.500000
50176;8192;50176;0.749985;0.749985
51200;8192;50176;0.500000;0.749985
51200;8192;50176;0.500000;0.500000
50176;8192;50176;0.749985;0.500000
50176;8192;51200;0.749985;0.749985
51200;8192;50176;0.500000;0.500000
50176;8192;51200;0.749985;0.749985
51200;8192;51200;0.500000;0.749985
51200;8192;51200;0.500000;0.500000
50176;8192;51200;0.749985;0.500000
50176;8192;52224;0.749985;0.749985
51200;8192;51200;0.500000;0.500000
50176;8192;52224;0.749985;0.749985
51200;8192;52224;0.500000;0.749985
51200;8192;52224;0.500000;0.500000
50176;8192;52224;0.749985;0.500000
50176;8192;53248;0.749985;0.749985
51200;8192;52224;0.500000;0.500000
50176;8192;53248;0.749985;0.749985
51200;8192;53248;0.500000;0.749985
51200;9984;50176;0.499985;0.500000
51200;9984;49152;0.250000;0.500000
51200;8192;49152;0.250000;0.749985
51200;9984;50176;0.499985;0.500000
51200;8192;49152;0.250000;0.749985
51200;8192;50176;0.499985;0.749985
51200;9984;51200;0.250000;0.500000
51200;9984;50176;0.499985;0.500000
51200;8192;50176;0.499985;0.749985
51200;9984;51200;0.250000;0.500000
51200;8192;50176;0.499985;0.749985
51200;8192;51200;0.250000;0.749985
51144;8823;53169;0.500000;0.250000
50846;8823;53169;0.749985;0.250000
50846;8192;53169;0.749985;0.499985
51144;8823;53169;0.500000;0.250000
50846;8192;53169;0.749985;0.499985
51144;8192;53169;0.500000;0.499985
50846;8823;53169;0.500000;0.250000
50846;8823;52916;0.749985;0.250000
50846;8192;52916;0.749985;0.499985
50846;8823;53169;0.500000;0.250000
50846;8192;52916;0.749985;0.499985
50846;8192;53169;0.500000;0.499985
50846;8823;52916;0.500000;0.250000
51144;8823;52916;0.749985;0.250000
51144;8192;52916;0.749985;0.499985
50846;8823;52916;0.500000;0.250000
51144;8192;52916;0.749985;0.499985
50846;8192;52916;0.500000;0.499985
51144;8823;52916;0.500000;0.250000
51144;8823;53169;0.749985;0.250000
51144;8192;53169;0.749985;0.499985
51144;8823;52916;0.500000;0.250000
51144;8192;53169;0.749985;0.499985
51144;8192;52916;0.500000;0.499985
50325;8823;52145;0.500000;0.250000
50027;8823;52145;0.749985;0.250000
50027;8191;52145;0.749985;0.499985
50325;8823;52145;0.500000;0.250000
50027;8191;52145;0.749985;0.499985
50325;8191;52145;0.500000;0.499985
50325;8823;51892;0.500000;0.250000
50325;8823;52145;0.749985;0.250000
50325;8191;52145;0.749985;0.499985
50325;8823;51892;0.500000;0.250000
50325;8191;52145;0.749985;0.499985
50325;8191;51892;0.500000;0.499985
50027;8823;51892;0.500000;0.250000
50325;8823;51892;0.749985;0.250000
50325;8191;51892;0.749985;0.499985
50027;8823;51892;0.500000;0.250000
50325;8191;51892;0.749985;0.499985
50027;8191;51892;0.500000;0.499985
50027;8823;52145;0.500000;0.250000
50027;8823;51892;0.749985;0.250000
50027;8191;51892;0.749985;0.499985
50027;8823;52145;0.500000;0.250000
50027;8191;51892;0.749985;0.499985
50027;8191;52145;0.500000;0.499985
50325;8823;50097;0.500000;0.250000
50027;8823;50097;0.749985;0.250000
50027;8191;50097;0.749985;0.499985
50325;8823;50097;0.500000;0.250000
50027;8191;50097;0.749985;0.499985
50325;8191;50097;0.500000;0.499985
50325;8823;49844;0.500000;0.250000
50325;8823;50097;0.749985;0.250000
50325;8191;50097;0.749985;0.499985
50325;8823;49844;0.500000;0.250000
50325;8191;50097;0.749985;0.499985
50325;8191;49844;0.500000;0.499985
50027;8823;49844;0.500000;0.250000
50325;8823;49844;0.749985;0.250000
50325;8191;49844;0.749985;0.499985
50027;8823;49844;0.500000;0.250000
50325;8191;49844;0.749985;0.499985
50027;8191;49844;0.500000;0.499985
50027;8823;50097;0.500000;0.250000
50027;8823;49844;0.749985;0.250000
50027;8191;49844;0.749985;0.499985
50027;8823;50097;0.500000;0.250000
50027;8191;49844;0.749985;0.499985
50027;8191;50097;0.500000;0.499985
49152;8448;38912;0.500000;0.375000
49152;8448;37888;0.749985;0.375000
49152;8192;37888;0.749985;0.499985
49152;8448;38912;0.500000;0.375000
49152;8192;37888;0.749985;0.499985
49152;8192;38912;0.500000;0.499985
49152;8448;39936;0.500000;0.375000
49152;8448;38912;0.749985;0.375000
49152;8192;38912;0.749985;0.499985
49152;8448;39936;0.500000;0.375000
49152;8192;38912;0.749985;0.499985
49152;8192;39936;0.500000;0.499985
57344;8192;43008;0.500000;0.500000
56320;8192;43008;0.749985;0.500000
56320;8192;44032;0.749985;0.749985
57344;8192;43008;0.500000;0.500000
56320;8192;44032;0.749985;0.749985
57344;8192;44032;0.500000;0.749985
57344;8192;44032;0.500000;0.500000
56320;8192;44032;0.749985;0.500000
56320;8192;45056;0.749985;0.749985
57344;8192;44032;0.500000;0.500000
56320;8192;45056;0.749985;0.749985
57344;8192;45056;0.500000;0.749985
45056;8960;41984;0.500000;0.000000
45056;9984;40960;0.749985;0.000000
44032;9984;40960;0.749985;0.249985
45056;8960;41984;0.500000;0.000000
44032;9984;40960;0.749985;0.249985
44032;8960;41984;0.500000;0.249985
46080;8960;41984;0.500000;0.000000
46080;9984;40960;0.749985;0.000000
45056;9984;40960;0.749985;0.249985
46080;8960;41984;0.500000;0.000000
45056;9984;40960;0.749985;0.249985
45056;8960;41984;0.500000;0.249985
43008;8960;41984;0.500000;0.249985
43008;9984;40960;0.749985;0.249985
41984;8960;41984;0.500000;0.000000
41984;8960;40960;0.749985;0.249985
41984;8960;41984;0.749985;0.000000
43008;9984;40960;0.500000;0.249985
47104;8960;41984;0.500000;0.249985
47104;8960;40960;0.500000;0.000000
46080;9984;40960;0.749985;0.249985
47104;8960;41984;0.500000;0.249985
46080;9984;40960;0.749985;0.249985
46080;8960;41984;0.500000;0.000000
47104;8960;37888;0.500000;0.000000
46080;9984;37888;0.749985;0.000000
46080;9984;38912;0.749985;0.249985
47104;8960;37888;0.500000;0.000000
46080;9984;38912;0.749985;0.249985
47104;8960;38912;0.500000;0.249985
47104;8960;38912;0.500000;0.000000
46080;9984;38912;0.749985;0.000000
46080;9984;39936;0.749985;0.249985
47104;8960;38912;0.500000;0.000000
46080;9984;39936;0.749985;0.249985
47104;8960;39936;0.500000;0.249985
47104;8960;39936;0.500000;0.000000
46080;9984;39936;0.749985;0.000000
46080;9984;40960;0.749985;0.249985
47104;8960;39936;0.500000;0.000000
46080;9984;40960;0.749985;0.249985
47104;8960;40960;0.500000;0.249985
50176;8192;39936;0.500000;0.500000
49152;8192;39936;0.749985;0.500000
49152;8192;40960;0.749985;0.749985
50176;8192;39936;0.500000;0.500000
49152;8192;40960;0.749985;0.749985
50176;8192;40960;0.500000;0.749985
50176;8192;40960;0.500000;0.500000
49152;8192;40960;0.749985;0.500000
49152;8192;41984;0.749985;0.749985
50176;8192;40960;0.500000;0.500000
49152;8192;41984;0.749985;0.749985
50176;8192;41984;0.500000;0.749985
51200;7168;54272;0.500000;0.250000
52224;7168;54272;0.749985;0.250000
52224;5888;54272;0.749985;0.499985
51200;7168;54272;0.500000;0.250000
52224;5888;54272;0.749985;0.499985
51200;5888;54272;0.500000;0.499985
40960;5888;38912;0.500000;0.500000
39936;5888;38912;0.749985;0.500000
39936;5888;39936;0.749985;0.749985
40960;5888;38912;0.500000;0.500000
39936;5888;39936;0.749985;0.749985
40960;5888;39936;0.500000;0.749985
39936;7168;38912;0.500000;0.250000
39936;7168;39936;0.749985;0.250000
39936;5888;39936;0.749985;0.499985
39936;7168;38912;0.500000;0.250000
39936;5888;39936;0.749985;0.499985
39936;5888;38912;0.500000;0.499985
40960;7168;38912;0.500000;0.250000
39936;7168;38912;0.749985;0.250000
39936;5888;38912;0.749985;0.499985
40960;7168;38912;0.500000;0.250000
39936;5888;38912;0.749985;0.499985
40960;5888;38912;0.500000;0.499985
40960;5632;44032;0.000000;0.500000
39936;5632;44032;0.249985;0.500000
39936;5632;45056;0.249985;0.749985
40960;5632;44032;0.000000;0.500000
39936;5632;45056;0.249985;0.749985
40960;5632;45056;0.000000;0.749985
39936;7168;45056;0.500000;0.250000
40960;7168;45056;0.749985;0.250000
40960;5888;45056;0.749985;0.499985
39936;7168;45056;0.500000;0.250000
40960;5888;45056;0.749985;0.499985
39936;5888;45056;0.500000;0.499985
41984;5888;38912;0.000000;0.250000
40960;5888;38912;0.249985;0.250000
40960;5888;39936;0.249985;0.499985
41984;5888;38912;0.000000;0.250000
40960;5888;39936;0.249985;0.499985
41984;5888;39936;0.000000;0.499985
41984;7168;38912;0.749985;0.250000
40960;7168;38912;0.500000;0.250000
40960;5888;38912;0.500000;0.499985
41984;7168;38912;0.749985;0.250000
40960;5888;38912;0.500000;0.499985
41984;5888;38912;0.749985;0.499985
41984;5888;39936;0.249985;0.250000
40960;5888;39936;0.000000;0.250000
40960;5888;40960;0.000000;0.499985
41984;5888;39936;0.249985;0.250000
40960;5888;40960;0.000000;0.499985
41984;5888;40960;0.249985;0.499985
41984;5888;40960;0.000000;0.250000
40960;5888;40960;0.249985;0.250000
40960;5888;41984;0.249985;0.499985
41984;5888;40960;0.000000;0.250000
40960;5888;41984;0.249985;0.499985
41984;5888;41984;0.000000;0.499985
41984;5888;41984;0.000000;0.250000
40960;5888;41984;0.249985;0.250000
40960;5888;43008;0.249985;0.499985
41984;5888;41984;0.000000;0.250000
40960;5888;43008;0.249985;0.499985
41984;5888;43008;0.000000;0.499985
41984;5888;43008;0.000000;0.250000
40960;5888;43008;0.249985;0.250000
40960;5888;44032;0.249985;0.499985
41984;5888;43008;0.000000;0.250000
40960;5888;44032;0.249985;0.499985
41984;5888;44032;0.000000;0.499985
41984;5632;44032;0.000000;0.500000
40960;5632;44032;0.249985;0.500000
40960;5632;45056;0.249985;0.749985
41984;5632;44032;0.000000;0.500000
40960;5632;45056;0.249985;0.749985
41984;5632;45056;0.000000;0.749985
41984;7168;39936;0.500000;0.250000
41984;7168;38912;0.749985;0.250000
41984;5888;38912;0.749985;0.499985
41984;7168;39936;0.500000;0.250000
41984;5888;38912;0.749985;0.499985
41984;5888;39936;0.500000;0.499985
41984;7168;40960;0.500000;0.250000
41984;7168;39936;0.749985;0.250000
41984;5888;39936;0.749985;0.499985
41984;7168;40960;0.500000;0.250000
41984;5888;39936;0.749985;0.499985
41984;5888;40960;0.500000;0.499985
41984;7168;41984;0.500000;0.250000
41984;7168;40960;0.749985;0.250000
41984;5888;40960;0.749985;0.499985
41984;7168;41984;0.500000;0.250000
41984;5888;40960;0.749985;0.499985
41984;5888;41984;0.500000;0.499985
43008;9984;38912;0.500000;0.000000
41984;8960;38912;0.749985;0.000000
41984;8960;39936;0.749985;0.249985
43008;9984;38912;0.500000;0.000000
41984;8960;39936;0.749985;0.249985
43008;9984;39936;0.500000;0.249985
43008;9984;39936;0.500000;0.000000
41984;8960;39936;0.749985;0.000000
41984;8960;40960;0.749985;0.249985
43008;9984;39936;0.500000;0.000000
41984;8960;40960;0.749985;0.249985
43008;9984;40960;0.500000;0.249985
51200;11520;47104;0.500000;0.000000
50176;10496;47104;0.749985;0.000000
50176;10496;48128;0.749985;0.249985
51200;11520;47104;0.500000;0.000000
50176;10496;48128;0.749985;0.249985
51200;11520;48128;0.500000;0.249985
51200;11520;48128;0.500000;0.000000
50176;10496;48128;0.749985;0.000000
50176;10496;49152;0.749985;0.249985
51200;11520;48128;0.500000;0.000000
50176;10496;49152;0.749985;0.249985
51200;11520;49152;0.500000;0.249985
52224;8192;36864;0.500000;0.500000
51200;8192;36864;0.749985;0.500000
51200;8192;37888;0.749985;0.749985
52224;8192;36864;0.500000;0.500000
51200;8192;37888;0.749985;0.749985
52224;8192;37888;0.500000;0.749985
51200;8448;37888;0.500000;0.375000
52224;8448;37888;0.749985;0.375000
52224;8192;37888;0.749985;0.499985
51200;8448;37888;0.500000;0.375000
52224;8192;37888;0.749985;0.499985
51200;8192;37888;0.500000;0.499985
53248;8192;36864;0.500000;0.500000
52224;8192;36864;0.749985;0.500000
52224;8192;37888;0.749985;0.749985
53248;8192;36864;0.500000;0.500000
52224;8192;37888;0.749985;0.749985
53248;8192;37888;0.500000;0.749985
52224;8448;37888;0.500000;0.375000
53248;8448;37888;0.749985;0.375000
53248;8192;37888;0.749985;0.499985
52224;8448;37888;0.500000;0.375000
53248;8192;37888;0.749985;0.499985
52224;8192;37888;0.500000;0.499985
51200;7936;54272;0.500000;0.500000
50176;7936;54272;0.749985;0.500000
50176;7936;55296;0.749985;0.749985
51200;7936;54272;0.500000;0.500000
50176;7936;55296;0.749985;0.749985
51200;7936;55296;0.500000;0.749985
50176;9472;54272;0.750000;0.250000
50176;9472;55296;0.999985;0.250000
50176;8448;55296;0.999985;0.499985
50176;9472;54272;0.750000;0.250000
50176;8448;55296;0.999985;0.499985
50176;8448;54272;0.750000;0.499985
51200;7936;55296;0.500000;0.500000
50176;7936;55296;0.749985;0.500000
50176;7936;56320;0.749985;0.749985
51200;7936;55296;0.500000;0.500000
50176;7936;56320;0.749985;0.749985
51200;7936;56320;0.500000;0.749985
50176;9472;55296;0.500000;0.250000
50176;9472;56320;0.749985;0.250000
50176;8448;56320;0.749985;0.499985
50176;9472;55296;0.500000;0.250000
50176;8448;56320;0.749985;0.499985
50176;8448;55296;0.500000;0.499985
51200;7936;56320;0.500000;0.500000
50176;7936;56320;0.749985;0.500000
50176;7936;57344;0.749985;0.749985
51200;7936;56320;0.500000;0.500000
50176;7936;57344;0.749985;0.749985
51200;7936;57344;0.500000;0.749985
50176;9472;56320;0.500000;0.250000
50176;9472;57344;0.749985;0.250000
50176;8448;57344;0.749985;0.499985
50176;9472;56320;0.500000;0.250000
50176;8448;57344;0.749985;0.499985
50176;8448;56320;0.500000;0.499985
50176;9984;57344;0.000000;0.000000
51200;9984;57344;0.249985;0.000000
51200;9728;57344;0.249985;0.124985
50176;9984;57344;0.000000;0.000000
51200;9728;57344;0.249985;0.124985
50176;9472;57344;0.000000;0.124985
45056;9984;54272;0.500000;0.000000
44032;9984;54272;0.749985;0.000000
44032;11008;55296;0.749985;0.249985
45056;9984;54272;0.500000;0.000000
44032;11008;55296;0.749985;0.249985
45056;11008;55296;0.500000;0.249985
46080;9984;54272;0.500000;0.000000
45056;9984;54272;0.749985;0.000000
45056;11008;55296;0.749985;0.249985
46080;9984;54272;0.500000;0.000000
45056;11008;55296;0.749985;0.249985
46080;11008;55296;0.500000;0.249985
47104;9984;54272;0.500000;0.000000
46080;9984;54272;0.749985;0.000000
46080;11008;55296;0.749985;0.249985
47104;9984;54272;0.500000;0.000000
46080;11008;55296;0.749985;0.249985
47104;11008;55296;0.500000;0.249985
48128;9984;54272;0.500000;0.000000
47104;9984;54272;0.749985;0.000000
47104;11008;55296;0.749985;0.249985
48128;9984;54272;0.500000;0.000000
47104;11008;55296;0.749985;0.249985
48128;11008;55296;0.500000;0.249985
49152;9984;54272;0.500000;0.000000
48128;9984;54272;0.749985;0.000000
48128;11008;55296;0.749985;0.249985
49152;9984;54272;0.500000;0.000000
48128;11008;55296;0.749985;0.249985
49152;11008;55296;0.500000;0.249985
44032;9984;54272;0.500000;0.000000
43008;9984;54272;0.749985;0.000000
44032;11008;55296;0.500000;0.249985
43008;9984;55296;0.500000;0.249985
44032;11008;55296;0.500000;0.000000
43008;9984;54272;0.749985;0.249985
50176;9984;55296;0.500000;0.249985
50176;9984;54272;0.749985;0.249985
49152;11008;55296;0.500000;0.000000
49152;9984;54272;0.500000;0.249985
49152;11008;55296;0.500000;0.000000
50176;9984;54272;0.749985;0.249985
49152;11008;55296;0.500000;0.000000
49152;11008;56320;0.749985;0.000000
50176;9984;56320;0.749985;0.249985
49152;11008;55296;0.500000;0.000000
50176;9984;56320;0.749985;0.249985
50176;9984;55296;0.500000;0.249985
49152;11008;56320;0.500000;0.000000
49152;11008;57344;0.749985;0.000000
50176;9984;57344;0.749985;0.249985
49152;11008;56320;0.500000;0.000000
50176;9984;57344;0.749985;0.249985
50176;9984;56320;0.500000;0.249985
49152;11008;57344;0.500000;0.000000
49152;11008;58368;0.749985;0.000000
50176;9984;58368;0.749985;0.249985
49152;11008;57344;0.500000;0.000000
50176;9984;58368;0.749985;0.249985
50176;9984;57344;0.500000;0.249985
43008;9984;55296;0.500000;0.000000
43008;9984;56320;0.749985;0.000000
44032;11008;56320;0.749985;0.249985
43008;9984;55296;0.500000;0.000000
44032;11008;56320;0.749985;0.249985
44032;11008;55296;0.500000;0.249985
43008;9984;56320;0.500000;0.000000
43008;9984;57344;0.749985;0.000000
44032;11008;57344;0.749985;0.249985
43008;9984;56320;0.500000;0.000000
44032;11008;57344;0.749985;0.249985
44032;11008;56320;0.500000;0.249985
43008;9984;57344;0.500000;0.000000
43008;9984;58368;0.749985;0.000000
44032;11008;58368;0.749985;0.249985
43008;9984;57344;0.500000;0.000000
44032;11008;58368;0.749985;0.249985
44032;11008;57344;0.500000;0.249985
52224;8192;49152;0.500000;0.500000
51200;8192;49152;0.749985;0.500000
51200;8192;50176;0.749985;0.749985
52224;8192;49152;0.500000;0.500000
51200;8192;50176;0.749985;0.749985
52224;8192;50176;0.500000;0.749985
52224;8192;50176;0.500000;0.500000
51200;8192;50176;0.749985;0.500000
51200;8192;51200;0.749985;0.749985
52224;8192;50176;0.500000;0.500000
51200;8192;51200;0.749985;0.749985
52224;8192;51200;0.500000;0.749985
43008;5888;54272;0.000000;0.250000
41984;5888;54272;0.249985;0.250000
41984;5888;55296;0.249985;0.499985
43008;5888;54272;0.000000;0.250000
41984;5888;55296;0.249985;0.499985
43008;5888;55296;0.000000;0.499985
41984;7168;54272;0.500000;0.250000
41984;7168;55296;0.749985;0.250000
41984;5888;55296;0.749985;0.499985
41984;7168;54272;0.500000;0.250000
41984;5888;55296;0.749985;0.499985
41984;5888;54272;0.500000;0.499985
43008;5888;55296;0.000000;0.250000
41984;5888;55296;0.249985;0.250000
41984;5888;56320;0.249985;0.499985
43008;5888;55296;0.000000;0.250000
41984;5888;56320;0.249985;0.499985
43008;5888;56320;0.000000;0.499985
41984;6912;56320;0.500000;0.250000
43008;6912;56320;0.749985;0.250000
43008;5888;56320;0.749985;0.499985
41984;6912;56320;0.500000;0.250000
43008;5888;56320;0.749985;0.499985
41984;5888;56320;0.500000;0.499985
43008;7168;55296;0.500000;0.250000
43008;7168;54272;0.749985;0.250000
43008;5888;54272;0.749985;0.499985
43008;7168;55296;0.500000;0.250000
43008;5888;54272;0.749985;0.499985
43008;5888;55296;0.500000;0.499985
43008;6912;56320;0.500000;0.250000
43008;7168;55296;0.749985;0.250000
43008;5888;55296;0.749985;0.499985
43008;6912;56320;0.500000;0.250000
43008;5888;55296;0.749985;0.499985
43008;5888;56320;0.500000;0.499985
40960;9472;54272;0.500000;0.500000
39936;9472;54272;0.749985;0.500000
39936;9472;55296;0.749985;0.749985
40960;9472;54272;0.500000;0.500000
39936;9472;55296;0.749985;0.749985
40960;9472;55296;0.500000;0.749985
41984;9472;54272;0.500000;0.500000
40960;9472;54272;0.749985;0.500000
40960;9472;55296;0.749985;0.749985
41984;9472;54272;0.500000;0.500000
40960;9472;55296;0.749985;0.749985
41984;9472;55296;0.500000;0.749985
45056;5888;35840;0.500000;0.500000
45056;5888;36864;0.749985;0.500000
46080;5888;36864;0.749985;0.749985
45056;5888;35840;0.500000;0.500000
46080;5888;36864;0.749985;0.749985
46080;5888;35840;0.500000;0.749985
45056;6912;35840;0.500000;0.250000
45056;6912;36864;0.749985;0.250000
45056;5888;36864;0.749985;0.499985
45056;6912;35840;0.500000;0.250000
45056;5888;36864;0.749985;0.499985
45056;5888;35840;0.500000;0.499985
45056;7936;35840;0.000000;0.000000
45056;7936;36864;0.249985;0.000000
45056;6912;36864;0.249985;0.249985
45056;7936;35840;0.000000;0.000000
45056;6912;36864;0.249985;0.249985
45056;6912;35840;0.000000;0.249985
46080;6912;35840;0.500000;0.250000
45056;6912;35840;0.749985;0.250000
45056;5888;35840;0.749985;0.499985
46080;6912;35840;0.500000;0.250000
45056;5888;35840;0.749985;0.499985
46080;5888;35840;0.500000;0.499985
46080;7936;35840;0.000000;0.000000
45056;7936;35840;0.249985;0.000000
45056;6912;35840;0.249985;0.249985
46080;7936;35840;0.000000;0.000000
45056;6912;35840;0.249985;0.249985
46080;6912;35840;0.000000;0.249985
45056;5888;36864;0.500000;0.500000
45056;5888;37888;0.749985;0.500000
46080;5888;37888;0.749985;0.749985
45056;5888;36864;0.500000;0.500000
46080;5888;37888;0.749985;0.749985
46080;5888;36864;0.500000;0.749985
45056;6912;36864;0.500000;0.250000
45056;6912;37888;0.749985;0.250000
45056;5888;37888;0.749985;0.499985
45056;6912;36864;0.500000;0.250000
45056;5888;37888;0.749985;0.499985
45056;5888;36864;0.500000;0.499985
45056;7936;36864;0.000000;0.000000
45056;7936;37888;0.249985;0.000000
45056;6912;37888;0.249985;0.249985
45056;7936;36864;0.000000;0.000000
45056;6912;37888;0.249985;0.249985
45056;6912;36864;0.000000;0.249985
45056;6912;37888;0.500000;0.250000
46080;7168;37888;0.749985;0.250000
46080;5888;37888;0.749985;0.499985
45056;6912;37888;0.500000;0.250000
46080;5888;37888;0.749985;0.499985
45056;5888;37888;0.500000;0.499985
46080;5888;35840;0.500000;0.500000
46080;5888;36864;0.749985;0.500000
47104;5888;36864;0.749985;0.749985
46080;5888;35840;0.500000;0.500000
47104;5888;36864;0.749985;0.749985
47104;5888;35840;0.500000;0.749985
47104;6912;35840;0.500000;0.250000
46080;6912;35840;0.749985;0.250000
46080;5888;35840;0.749985;0.499985
47104;6912;35840;0.500000;0.250000
46080;5888;35840;0.749985;0.499985
47104;5888;35840;0.500000;0.499985
46080;7168;37888;0.749985;0.250000
47104;7168;37888;0.500000;0.250000
47104;5888;37888;0.500000;0.499985
46080;7168;37888;0.749985;0.250000
47104;5888;37888;0.500000;0.499985
46080;5888;37888;0.749985;0.499985
47104;6912;36864;0.500000;0.250000
47104;6912;35840;0.749985;0.250000
47104;5888;35840;0.749985;0.499985
47104;6912;36864;0.500000;0.250000
47104;5888;35840;0.749985;0.499985
47104;5888;36864;0.500000;0.499985
47104;7936;36864;0.000000;0.000000
47104;7936;35840;0.249985;0.000000
47104;6912;35840;0.249985;0.249985
47104;7936;36864;0.000000;0.000000
47104;6912;35840;0.249985;0.249985
47104;6912;36864;0.000000;0.249985
48128;5888;36864;0.000000;0.250000
47104;5888;36864;0.249985;0.250000
47104;5888;37888;0.249985;0.499985
48128;5888;36864;0.000000;0.250000
47104;5888;37888;0.249985;0.499985
48128;5888;37888;0.000000;0.499985
48128;6912;36864;0.500000;0.250000
47104;6912;36864;0.749985;0.250000
47104;5888;36864;0.749985;0.499985
48128;6912;36864;0.500000;0.250000
47104;5888;36864;0.749985;0.499985
48128;5888;36864;0.500000;0.499985
48128;7936;36864;0.000000;0.000000
47104;7936;36864;0.249985;0.000000
47104;6912;36864;0.249985;0.249985
48128;7936;36864;0.000000;0.000000
47104;6912;36864;0.249985;0.249985
48128;6912;36864;0.000000;0.249985
48128;6912;35840;0.500000;0.250000
48128;6912;36864;0.749985;0.250000
48128;5888;36864;0.749985;0.499985
48128;6912;35840;0.500000;0.250000
48128;5888;36864;0.749985;0.499985
48128;5888;35840;0.500000;0.499985
48128;7936;35840;0.000000;0.000000
48128;7936;36864;0.249985;0.000000
48128;6912;36864;0.249985;0.249985
48128;7936;35840;0.000000;0.000000
48128;6912;36864;0.249985;0.249985
48128;6912;35840;0.000000;0.249985
49152;6912;35840;0.500000;0.250000
48128;6912;35840;0.749985;0.250000
48128;5888;35840;0.749985;0.499985
49152;6912;35840;0.500000;0.250000
48128;5888;35840;0.749985;0.499985
49152;5888;35840;0.500000;0.499985
49152;5888;36864;0.000000;0.250000
48128;5888;36864;0.249985;0.250000
48128;5888;37888;0.249985;0.499985
49152;5888;36864;0.000000;0.250000
48128;5888;37888;0.249985;0.499985
49152;5888;37888;0.000000;0.499985
49152;6912;36864;0.500000;0.250000
49152;6912;35840;0.749985;0.250000
49152;5888;35840;0.749985;0.499985
49152;6912;36864;0.500000;0.250000
49152;5888;35840;0.749985;0.499985
49152;5888;36864;0.500000;0.499985
49152;7936;36864;0.000000;0.000000
49152;7936;35840;0.249985;0.000000
49152;6912;35840;0.249985;0.249985
49152;7936;36864;0.000000;0.000000
49152;6912;35840;0.249985;0.249985
49152;6912;36864;0.000000;0.249985
50176;6912;36864;0.500000;0.250000
49152;6912;36864;0.749985;0.250000
49152;5888;36864;0.749985;0.499985
50176;6912;36864;0.500000;0.250000
49152;5888;36864;0.749985;0.499985
50176;5888;36864;0.500000;0.499985
50176;7936;36864;0.000000;0.000000
49152;7936;36864;0.249985;0.000000
49152;6912;36864;0.249985;0.249985
50176;7936;36864;0.000000;0.000000
49152;6912;36864;0.249985;0.249985
50176;6912;36864;0.000000;0.249985
49152;6656;37888;0.500000;0.250000
50176;6656;37888;0.749985;0.250000
50176;5888;37888;0.749985;0.499985
49152;6656;37888;0.500000;0.250000
50176;5888;37888;0.749985;0.499985
49152;5888;37888;0.500000;0.499985
50176;5888;35840;0.500000;0.500000
50176;5888;36864;0.749985;0.500000
51200;5888;36864;0.749985;0.749985
50176;5888;35840;0.500000;0.500000
51200;5888;36864;0.749985;0.749985
51200;5888;35840;0.500000;0.749985
50176;6912;35840;0.500000;0.250000
50176;6912;36864;0.749985;0.250000
50176;5888;36864;0.749985;0.499985
50176;6912;35840;0.500000;0.250000
50176;5888;36864;0.749985;0.499985
50176;5888;35840;0.500000;0.499985
50176;7936;35840;0.000000;0.000000
50176;7936;36864;0.249985;0.000000
50176;6912;36864;0.249985;0.249985
50176;7936;35840;0.000000;0.000000
50176;6912;36864;0.249985;0.249985
50176;6912;35840;0.000000;0.249985
51200;7936;35840;0.000000;0.000000
50176;7936;35840;0.249985;0.000000
50176;6912;35840;0.249985;0.249985
51200;7936;35840;0.000000;0.000000
50176;6912;35840;0.249985;0.249985
51200;6912;35840;0.000000;0.249985
50176;5888;36864;0.500000;0.500000
50176;5888;37888;0.749985;0.500000
51200;5888;37888;0.749985;0.749985
50176;5888;36864;0.500000;0.500000
51200;5888;37888;0.749985;0.749985
51200;5888;36864;0.500000;0.749985
50176;6656;37888;0.500000;0.250000
51200;6656;37888;0.749985;0.250000
51200;5888;37888;0.749985;0.499985
50176;6656;37888;0.500000;0.250000
51200;5888;37888;0.749985;0.499985
50176;5888;37888;0.500000;0.499985
51200;6656;36864;0.999985;0.250000
51200;6912;35840;0.750000;0.250000
51200;5888;35840;0.750000;0.499985
51200;6656;36864;0.999985;0.250000
51200;5888;35840;0.750000;0.499985
51200;5888;36864;0.999985;0.499985
51200;6656;37888;0.750000;0.250000
51200;6656;36864;0.999985;0.250000
51200;5888;36864;0.999985;0.499985
51200;6656;37888;0.750000;0.250000
51200;5888;36864;0.999985;0.499985
51200;5888;37888;0.750000;0.499985
45056;8960;37888;0.500000;0.000000
45056;9984;37888;0.749985;0.000000
46080;9984;37888;0.749985;0.249985
45056;8960;37888;0.500000;0.000000
46080;9984;37888;0.749985;0.249985
46080;8960;37888;0.500000;0.249985
47104;8960;36864;0.750000;0.250000
48128;8960;36864;0.999985;0.250000
48128;8960;35840;0.999985;0.499985
47104;8960;36864;0.750000;0.250000
48128;8960;35840;0.999985;0.499985
47104;8960;35840;0.750000;0.499985
49152;8960;36864;0.750000;0.250000
50176;8960;36864;0.999985;0.250000
50176;8960;35840;0.999985;0.499985
49152;8960;36864;0.750000;0.250000
50176;8960;35840;0.999985;0.499985
49152;8960;35840;0.750000;0.499985
49152;8448;37888;0.500000;0.375000
50176;8448;37888;0.749985;0.375000
50176;8192;37888;0.749985;0.499985
49152;8448;37888;0.500000;0.375000
50176;8192;37888;0.749985;0.499985
49152;8192;37888;0.500000;0.499985
50176;8448;37888;0.500000;0.375000
51200;8448;37888;0.749985;0.375000
51200;8192;37888;0.749985;0.499985
50176;8448;37888;0.500000;0.375000
51200;8192;37888;0.749985;0.499985
50176;8192;37888;0.500000;0.499985
51200;8960;36864;0.999985;0.750000
51200;8960;35840;0.750000;0.750000
51200;7936;35840;0.750000;0.999985
51200;8960;36864;0.999985;0.750000
51200;7936;35840;0.750000;0.999985
51200;8192;36864;0.999985;0.999985
47104;8960;37888;0.500000;0.249985
46080;8960;37888;0.500000;0.000000
46080;9984;37888;0.749985;0.249985
52224;8192;41984;0.500000;0.500000
51200;8192;41984;0.749985;0.500000
51200;8192;43008;0.749985;0.749985
52224;8192;41984;0.500000;0.500000
51200;8192;43008;0.749985;0.749985
52224;8192;43008;0.500000;0.749985
53248;8192;41984;0.500000;0.500000
52224;8192;41984;0.749985;0.500000
52224;8192;43008;0.749985;0.749985
53248;8192;41984;0.500000;0.500000
52224;8192;43008;0.749985;0.749985
53248;8192;43008;0.500000;0.749985
54272;8192;41984;0.500000;0.500000
53248;8192;41984;0.749985;0.500000
53248;8192;43008;0.749985;0.749985
54272;8192;41984;0.500000;0.500000
53248;8192;43008;0.749985;0.749985
54272;8192;43008;0.500000;0.749985
55296;8192;41984;0.500000;0.500000
54272;8192;41984;0.749985;0.500000
54272;8192;43008;0.749985;0.749985
55296;8192;41984;0.500000;0.500000
54272;8192;43008;0.749985;0.749985
55296;8192;43008;0.500000;0.749985
56320;8192;41984;0.500000;0.500000
55296;8192;41984;0.749985;0.500000
55296;8192;43008;0.749985;0.749985
56320;8192;41984;0.500000;0.500000
55296;8192;43008;0.749985;0.749985
56320;8192;43008;0.500000;0.749985
57344;8192;41984;0.500000;0.500000
56320;8192;41984;0.749985;0.500000
56320;8192;43008;0.749985;0.749985
57344;8192;41984;0.500000;0.500000
56320;8192;43008;0.749985;0.749985
57344;8192;43008;0.500000;0.749985
50176;5888;33792;0.500000;0.500000
50176;5888;34816;0.749985;0.500000
51200;5888;34816;0.749985;0.749985
50176;5888;33792;0.500000;0.500000
51200;5888;34816;0.749985;0.749985
51200;5888;33792;0.500000;0.749985
50176;5888;34816;0.500000;0.500000
50176;5888;35840;0.749985;0.500000
51200;5888;35840;0.749985;0.749985
50176;5888;34816;0.500000;0.500000
51200;5888;35840;0.749985;0.749985
51200;5888;34816;0.500000;0.749985
52224;7936;33792;0.750000;0.750000
51200;7936;33792;0.999985;0.750000
51200;6912;33792;0.999985;0.999985
52224;7936;33792;0.750000;0.750000
51200;6912;33792;0.999985;0.999985
52224;6912;33792;0.750000;0.999985
51200;5888;34816;0.500000;0.500000
51200;5888;35840;0.749985;0.500000
52224;5888;35840;0.749985;0.749985
51200;5888;34816;0.500000;0.500000
52224;5888;35840;0.749985;0.749985
52224;5888;34816;0.500000;0.749985
51200;7936;34816;0.999985;0.750000
51200;7936;35840;0.750000;0.750000
51200;6912;35840;0.750000;0.999985
51200;7936;34816;0.999985;0.750000
51200;6912;35840;0.750000;0.999985
51200;6912;34816;0.999985;0.999985
51200;7936;35840;0.750000;0.750000
52224;7936;35840;0.999985;0.750000
52224;6912;35840;0.999985;0.999985
51200;7936;35840;0.750000;0.750000
52224;6912;35840;0.999985;0.999985
51200;6912;35840;0.750000;0.999985
52224;5888;33792;0.000000;0.250000
52224;5888;34816;0.249985;0.250000
53248;5888;34816;0.249985;0.499985
52224;5888;33792;0.000000;0.250000
53248;5888;34816;0.249985;0.499985
53248;5888;33792;0.000000;0.499985
53248;7936;34816;0.750000;0.750000
53248;7936;33792;0.999985;0.750000
53248;6912;33792;0.999985;0.999985
53248;7936;34816;0.750000;0.750000
53248;6912;33792;0.999985;0.999985
53248;6912;34816;0.750000;0.999985
53248;5888;35840;0.500000;0.500000
54272;5888;35840;0.749985;0.500000
54272;5888;34816;0.749985;0.749985
53248;5888;35840;0.500000;0.500000
54272;5888;34816;0.749985;0.749985
53248;5888;34816;0.500000;0.749985
54272;7936;34816;0.999985;0.750000
53248;7936;34816;0.750000;0.750000
53248;6912;34816;0.750000;0.999985
54272;7936;34816;0.999985;0.750000
53248;6912;34816;0.750000;0.999985
54272;6912;34816;0.999985;0.999985
53248;5888;29696;0.500000;0.500000
52224;5888;29696;0.749985;0.500000
52224;5888;30720;0.749985;0.749985
53248;5888;29696;0.500000;0.500000
52224;5888;30720;0.749985;0.749985
53248;5888;30720;0.500000;0.749985
54272;5632;29696;0.500000;0.500000
53248;5632;29696;0.749985;0.500000
53248;5632;30720;0.749985;0.749985
54272;5632;29696;0.500000;0.500000
53248;5632;30720;0.749985;0.749985
54272;5632;30720;0.500000;0.749985
55296;5376;29696;0.500000;0.500000
54272;5376;29696;0.749985;0.500000
54272;5376;30720;0.749985;0.749985
55296;5376;29696;0.500000;0.500000
54272;5376;30720;0.749985;0.749985
55296;5376;30720;0.500000;0.749985
56320;5120;29696;0.500000;0.500000
55296;5120;29696;0.749985;0.500000
55296;5120;30720;0.749985;0.749985
56320;5120;29696;0.500000;0.500000
55296;5120;30720;0.749985;0.749985
56320;5120;30720;0.500000;0.749985
57344;4864;29696;0.500000;0.500000
56320;4864;29696;0.749985;0.500000
56320;4864;30720;0.749985;0.749985
57344;4864;29696;0.500000;0.500000
56320;4864;30720;0.749985;0.749985
57344;4864;30720;0.500000;0.749985
51200;8192;47104;0.500000;0.500000
50176;8192;47104;0.749985;0.500000
50176;8192;48128;0.749985;0.749985
51200;8192;47104;0.500000;0.500000
50176;8192;48128;0.749985;0.749985
51200;8192;48128;0.500000;0.749985
51200;8192;48128;0.500000;0.500000
50176;8192;48128;0.749985;0.500000
50176;8192;49152;0.749985;0.749985
51200;8192;48128;0.500000;0.500000
50176;8192;49152;0.749985;0.749985
51200;8192;49152;0.500000;0.749985
50325;8823;48049;0.500000;0.250000
50027;8823;48049;0.749985;0.250000
50027;8191;48049;0.749985;0.499985
50325;8823;48049;0.500000;0.250000
50027;8191;48049;0.749985;0.499985
50325;8191;48049;0.500000;0.499985
50325;8823;47796;0.500000;0.250000
50325;8823;48049;0.749985;0.250000
50325;8191;48049;0.749985;0.499985
50325;8823;47796;0.500000;0.250000
50325;8191;48049;0.749985;0.499985
50325;8191;47796;0.500000;0.499985
50027;8823;47796;0.500000;0.250000
50325;8823;47796;0.749985;0.250000
50325;8191;47796;0.749985;0.499985
50027;8823;47796;0.500000;0.250000
50325;8191;47796;0.749985;0.499985
50027;8191;47796;0.500000;0.499985
50027;8823;48049;0.500000;0.250000
50027;8823;47796;0.749985;0.250000
50027;8191;47796;0.749985;0.499985
50027;8823;48049;0.500000;0.250000
50027;8191;47796;0.749985;0.499985
50027;8191;48049;0.500000;0.499985
50176;8192;41984;0.500000;0.500000
49152;8192;41984;0.749985;0.500000
49152;8192;43008;0.749985;0.749985
50176;8192;41984;0.500000;0.500000
49152;8192;43008;0.749985;0.749985
50176;8192;43008;0.500000;0.749985
51200;8192;41984;0.500000;0.500000
50176;8192;41984;0.749985;0.500000
50176;8192;43008;0.749985;0.749985
51200;8192;41984;0.500000;0.500000
50176;8192;43008;0.749985;0.749985
51200;8192;43008;0.500000;0.749985
51200;8192;45056;0.500000;0.500000
50176;8192;45056;0.749985;0.500000
50176;8192;46080;0.749985;0.749985
51200;8192;45056;0.500000;0.500000
50176;8192;46080;0.749985;0.749985
51200;8192;46080;0.500000;0.749985
51200;8192;46080;0.500000;0.500000
50176;8192;46080;0.749985;0.500000
50176;8192;47104;0.749985;0.749985
51200;8192;46080;0.500000;0.500000
50176;8192;47104;0.749985;0.749985
51200;8192;47104;0.500000;0.749985
50530;8819;46001;0.500000;0.250000
50232;8819;46001;0.749985;0.250000
50232;8191;46001;0.749985;0.499985
50530;8819;46001;0.500000;0.250000
50232;8191;46001;0.749985;0.499985
50530;8191;46001;0.500000;0.499985
50232;8819;46001;0.500000;0.250000
50232;8819;45748;0.749985;0.250000
50232;8191;45748;0.749985;0.499985
50232;8819;46001;0.500000;0.250000
50232;8191;45748;0.749985;0.499985
50232;8191;46001;0.500000;0.499985
50232;8819;45748;0.500000;0.250000
50530;8819;45748;0.749985;0.250000
50530;8191;45748;0.749985;0.499985
50232;8819;45748;0.500000;0.250000
50530;8191;45748;0.749985;0.499985
50232;8191;45748;0.500000;0.499985
50530;8819;45748;0.500000;0.250000
50530;8819;46001;0.749985;0.250000
50530;8191;46001;0.749985;0.499985
50530;8819;45748;0.500000;0.250000
50530;8191;46001;0.749985;0.499985
50530;8191;45748;0.500000;0.499985
43008;5888;47104;0.500000;0.500000
41984;5888;47104;0.749985;0.500000
41984;5888;48128;0.749985;0.749985
43008;5888;47104;0.500000;0.500000
41984;5888;48128;0.749985;0.749985
43008;5888;48128;0.500000;0.749985
41984;7168;48128;0.750000;0.250000
41984;7168;49152;0.999985;0.250000
41984;5888;49152;0.999985;0.499985
41984;7168;48128;0.750000;0.250000
41984;5888;49152;0.999985;0.499985
41984;5888;48128;0.750000;0.499985
41984;7936;48128;0.750000;0.750000
41984;7936;49152;0.999985;0.750000
41984;7168;49152;0.999985;0.937485
41984;7936;48128;0.750000;0.750000
41984;7168;49152;0.999985;0.937485
41984;7168;48128;0.750000;0.937485
44032;5632;47104;0.000000;0.750000
43008;5632;47104;0.249985;0.750000
43008;5632;48128;0.249985;0.999985
44032;5632;47104;0.000000;0.750000
43008;5632;48128;0.249985;0.999985
44032;5632;48128;0.000000;0.999985
43008;5632;48128;0.750000;0.500000
43008;5632;49152;0.999985;0.500000
44032;5632;49152;0.999985;0.749985
43008;5632;48128;0.750000;0.500000
44032;5632;49152;0.999985;0.749985
44032;5632;48128;0.750000;0.749985
45056;5632;48128;0.750000;0.500000
45056;5632;47104;0.999985;0.500000
44032;5632;47104;0.999985;0.749985
45056;5632;48128;0.750000;0.500000
44032;5632;47104;0.999985;0.749985
44032;5632;48128;0.750000;0.749985
45056;5632;48128;0.000000;0.750000
44032;5632;48128;0.249985;0.750000
44032;5632;49152;0.249985;0.999985
45056;5632;48128;0.000000;0.750000
44032;5632;49152;0.249985;0.999985
45056;5632;49152;0.000000;0.999985
46080;5632;47104;0.250000;0.750000
45056;5632;47104;0.499985;0.750000
45056;5632;48128;0.499985;0.999985
46080;5632;47104;0.250000;0.750000
45056;5632;48128;0.499985;0.999985
46080;5632;48128;0.250000;0.999985
46080;5632;48128;0.000000;0.750000
45056;5632;48128;0.249985;0.750000
45056;5632;49152;0.249985;0.999985
46080;5632;48128;0.000000;0.750000
45056;5632;49152;0.249985;0.999985
46080;5632;49152;0.000000;0.999985
47104;5632;47104;0.750000;0.500000
46080;5632;47104;0.999985;0.500000
46080;5632;48128;0.999985;0.749985
47104;5632;47104;0.750000;0.500000
46080;5632;48128;0.999985;0.749985
47104;5632;48128;0.750000;0.749985
47104;5888;48128;0.500000;0.500000
46080;5888;48128;0.749985;0.500000
46080;5888;49152;0.749985;0.749985
47104;5888;48128;0.500000;0.500000
46080;5888;49152;0.749985;0.749985
47104;5888;49152;0.500000;0.749985
47104;5632;48128;0.750000;0.500000
48128;5632;48128;0.999985;0.500000
48128;5632;47104;0.999985;0.749985
47104;5632;48128;0.750000;0.500000
48128;5632;47104;0.999985;0.749985
47104;5632;47104;0.750000;0.749985
48128;5632;48128;0.000000;0.500000
47104;5632;48128;0.249985;0.500000
47104;5632;49152;0.249985;0.749985
48128;5632;48128;0.000000;0.500000
47104;5632;49152;0.249985;0.749985
48128;5632;49152;0.000000;0.749985
48128;5632;47104;0.750000;0.500000
48128;5632;48128;0.999985;0.500000
49152;5632;48128;0.999985;0.749985
48128;5632;47104;0.750000;0.500000
49152;5632;48128;0.999985;0.749985
49152;5632;47104;0.750000;0.749985
48128;5632;48128;0.250000;0.750000
48128;5632;49152;0.499985;0.750000
49152;5632;49152;0.499985;0.999985
48128;5632;48128;0.250000;0.750000
49152;5632;49152;0.499985;0.999985
49152;5632;48128;0.250000;0.999985
50176;5888;47104;0.500000;0.500000
49152;5888;47104;0.749985;0.500000
49152;5888;48128;0.749985;0.749985
50176;5888;47104;0.500000;0.500000
49152;5888;48128;0.749985;0.749985
50176;5888;48128;0.500000;0.749985
50176;5888;48128;0.500000;0.500000
49152;5888;48128;0.749985;0.500000
49152;5888;49152;0.749985;0.749985
50176;5888;48128;0.500000;0.500000
49152;5888;49152;0.749985;0.749985
50176;5888;49152;0.500000;0.749985
51200;5888;47104;0.500000;0.500000
50176;5888;47104;0.749985;0.500000
50176;5888;48128;0.749985;0.749985
51200;5888;47104;0.500000;0.500000
50176;5888;48128;0.749985;0.749985
51200;5888;48128;0.500000;0.749985
51200;5888;48128;0.500000;0.500000
50176;5888;48128;0.749985;0.500000
50176;5888;49152;0.749985;0.749985
51200;5888;48128;0.500000;0.500000
50176;5888;49152;0.749985;0.749985
51200;5888;49152;0.500000;0.749985
50325;6519;48049;0.500000;0.250000
50027;6519;48049;0.749985;0.250000
50027;5887;48049;0.749985;0.499985
50325;6519;48049;0.500000;0.250000
50027;5887;48049;0.749985;0.499985
50325;5887;48049;0.500000;0.499985
50325;6519;47796;0.500000;0.250000
50325;6519;48049;0.749985;0.250000
50325;5887;48049;0.749985;0.499985
50325;6519;47796;0.500000;0.250000
50325;5887;48049;0.749985;0.499985
50325;5887;47796;0.500000;0.499985
50027;6519;47796;0.500000;0.250000
50325;6519;47796;0.749985;0.250000
50325;5887;47796;0.749985;0.499985
50027;6519;47796;0.500000;0.250000
50325;5887;47796;0.749985;0.499985
50027;5887;47796;0.500000;0.499985
50027;6519;48049;0.500000;0.250000
50027;6519;47796;0.749985;0.250000
50027;5887;47796;0.749985;0.499985
50027;6519;48049;0.500000;0.250000
50027;5887;47796;0.749985;0.499985
50027;5887;48049;0.500000;0.499985
41984;5888;41984;0.249985;0.250000
41984;5888;43008;0.000000;0.250000
43008;5888;43008;0.000000;0.499985
41984;5888;41984;0.249985;0.250000
43008;5888;43008;0.000000;0.499985
43008;5888;41984;0.249985;0.499985
43008;7168;41984;0.500000;0.250000
41984;7168;41984;0.749985;0.250000
41984;5888;41984;0.749985;0.499985
43008;7168;41984;0.500000;0.250000
41984;5888;41984;0.749985;0.499985
43008;5888;41984;0.500000;0.499985
41984;5888;43008;0.000000;0.250000
41984;5888;44032;0.249985;0.250000
43008;5888;44032;0.249985;0.499985
41984;5888;43008;0.000000;0.250000
43008;5888;44032;0.249985;0.499985
43008;5888;43008;0.000000;0.499985
43008;5632;44032;0.000000;0.750000
41984;5632;44032;0.249985;0.750000
41984;5632;45056;0.249985;0.999985
43008;5632;44032;0.000000;0.750000
41984;5632;45056;0.249985;0.999985
43008;5632;45056;0.000000;0.999985
41984;7168;45056;0.750000;0.250000
41984;7168;46080;0.999985;0.250000
41984;5888;46080;0.999985;0.499985
41984;7168;45056;0.750000;0.250000
41984;5888;46080;0.999985;0.499985
41984;5888;45056;0.750000;0.499985
41984;7936;45056;0.750000;0.750000
41984;7936;46080;0.999985;0.750000
41984;7168;46080;0.999985;0.937485
41984;7936;45056;0.750000;0.750000
41984;7168;46080;0.999985;0.937485
41984;7168;45056;0.750000;0.937485
43008;5888;46080;0.500000;0.500000
41984;5888;46080;0.749985;0.500000
41984;5888;47104;0.749985;0.749985
43008;5888;46080;0.500000;0.500000
41984;5888;47104;0.749985;0.749985
43008;5888;47104;0.500000;0.749985
41984;7168;46080;0.999985;0.250000
41984;7168;47104;0.750000;0.250000
41984;5888;47104;0.750000;0.499985
41984;7168;46080;0.999985;0.250000
41984;5888;47104;0.750000;0.499985
41984;5888;46080;0.999985;0.499985
41984;7936;46080;0.999985;0.750000
41984;7936;47104;0.750000;0.750000
41984;7168;47104;0.750000;0.937485
41984;7936;46080;0.999985;0.750000
41984;7168;47104;0.750000;0.937485
41984;7168;46080;0.999985;0.937485
44032;7168;41984;0.750000;0.250000
43008;7168;41984;0.999985;0.250000
43008;5888;41984;0.999985;0.499985
44032;7168;41984;0.750000;0.250000
43008;5888;41984;0.999985;0.499985
44032;5888;41984;0.750000;0.499985
44032;5632;44032;0.000000;0.750000
43008;5632;44032;0.249985;0.750000
43008;5632;45056;0.249985;0.999985
44032;5632;44032;0.000000;0.750000
43008;5632;45056;0.249985;0.999985
44032;5632;45056;0.000000;0.999985
43008;5632;46080;0.750000;0.500000
44032;5632;46080;0.999985;0.500000
44032;5632;45056;0.999985;0.749985
43008;5632;46080;0.750000;0.500000
44032;5632;45056;0.999985;0.749985
43008;5632;45056;0.750000;0.749985
44032;5632;46080;0.250000;0.750000
43008;5632;46080;0.499985;0.750000
43008;5632;47104;0.499985;0.999985
44032;5632;46080;0.250000;0.750000
43008;5632;47104;0.499985;0.999985
44032;5632;47104;0.250000;0.999985
44032;5888;41984;0.500000;0.500000
44032;5888;43008;0.749985;0.500000
45056;5888;43008;0.749985;0.749985
44032;5888;41984;0.500000;0.500000
45056;5888;43008;0.749985;0.749985
45056;5888;41984;0.500000;0.749985
45056;7936;41984;0.000000;0.062500
44032;7936;41984;0.249985;0.062500
44032;7168;41984;0.249985;0.249985
45056;7936;41984;0.000000;0.062500
44032;7168;41984;0.249985;0.249985
45056;7168;41984;0.000000;0.249985
44032;5888;43008;0.749985;0.500000
44032;5888;44032;0.500000;0.500000
45056;5888;44032;0.500000;0.749985
44032;5888;43008;0.749985;0.500000
45056;5888;44032;0.500000;0.749985
45056;5888;43008;0.749985;0.749985
44032;5632;45056;0.750000;0.500000
45056;5632;45056;0.999985;0.500000
45056;5632;44032;0.999985;0.749985
44032;5632;45056;0.750000;0.500000
45056;5632;44032;0.999985;0.749985
44032;5632;44032;0.750000;0.749985
44032;5632;45056;0.000000;0.500000
44032;5632;46080;0.249985;0.500000
45056;5632;46080;0.249985;0.749985
44032;5632;45056;0.000000;0.500000
45056;5632;46080;0.249985;0.749985
45056;5632;45056;0.000000;0.749985
45056;5632;46080;0.750000;0.500000
44032;5632;46080;0.999985;0.500000
44032;5632;47104;0.999985;0.749985
45056;5632;46080;0.750000;0.500000
44032;5632;47104;0.999985;0.749985
45056;5632;47104;0.750000;0.749985
45056;5888;41984;0.749985;0.500000
45056;5888;43008;0.500000;0.500000
46080;5888;43008;0.500000;0.749985
45056;5888;41984;0.749985;0.500000
46080;5888;43008;0.500000;0.749985
46080;5888;41984;0.749985;0.749985
46080;7168;41984;0.999985;0.250000
45056;7168;41984;0.750000;0.250000
45056;5888;41984;0.750000;0.499985
46080;7168;41984;0.999985;0.250000
45056;5888;41984;0.750000;0.499985
46080;5888;41984;0.999985;0.499985
45056;5888;43008;0.500000;0.500000
45056;5888;44032;0.749985;0.500000
46080;5888;44032;0.749985;0.749985
45056;5888;43008;0.500000;0.500000
46080;5888;44032;0.749985;0.749985
46080;5888;43008;0.500000;0.749985
46080;5632;44032;0.000000;0.500000
45056;5632;44032;0.249985;0.500000
45056;5632;45056;0.249985;0.749985
46080;5632;44032;0.000000;0.500000
45056;5632;45056;0.249985;0.749985
46080;5632;45056;0.000000;0.749985
46080;5632;45056;0.750000;0.500000
45056;5632;45056;0.999985;0.500000
45056;5632;46080;0.999985;0.749985
46080;5632;45056;0.750000;0.500000
45056;5632;46080;0.999985;0.749985
46080;5632;46080;0.750000;0.749985
45056;5632;47104;0.750000;0.500000
46080;5632;47104;0.999985;0.500000
46080;5632;46080;0.999985;0.749985
45056;5632;47104;0.750000;0.500000
46080;5632;46080;0.999985;0.749985
45056;5632;46080;0.750000;0.749985
46080;5888;41984;0.749985;0.500000
46080;5888;43008;0.500000;0.500000
47104;5888;43008;0.500000;0.749985
46080;5888;41984;0.749985;0.500000
47104;5888;43008;0.500000;0.749985
47104;5888;41984;0.749985;0.749985
47104;7168;41984;0.500000;0.250000
46080;7168;41984;0.749985;0.250000
46080;5888;41984;0.749985;0.499985
47104;7168;41984;0.500000;0.250000
46080;5888;41984;0.749985;0.499985
47104;5888;41984;0.500000;0.499985
46080;5888;43008;0.500000;0.500000
46080;5888;44032;0.749985;0.500000
47104;5888;44032;0.749985;0.749985
46080;5888;43008;0.500000;0.500000
47104;5888;44032;0.749985;0.749985
47104;5888;43008;0.500000;0.749985
47104;5632;44032;0.000000;0.750000
46080;5632;44032;0.249985;0.750000
46080;5632;45056;0.249985;0.999985
47104;5632;44032;0.000000;0.750000
46080;5632;45056;0.249985;0.999985
47104;5632;45056;0.000000;0.999985
46080;5632;46080;0.250000;0.750000
47104;5632;46080;0.499985;0.750000
47104;5632;45056;0.499985;0.999985
46080;5632;46080;0.250000;0.750000
47104;5632;45056;0.499985;0.999985
46080;5632;45056;0.250000;0.999985
47104;5632;46080;0.000000;0.500000
46080;5632;46080;0.249985;0.500000
46080;5632;47104;0.249985;0.749985
47104;5632;46080;0.000000;0.500000
46080;5632;47104;0.249985;0.749985
47104;5632;47104;0.000000;0.749985
48128;5632;44032;0.000000;0.750000
47104;5632;44032;0.249985;0.750000
47104;5632;45056;0.249985;0.999985
48128;5632;44032;0.000000;0.750000
47104;5632;45056;0.249985;0.999985
48128;5632;45056;0.000000;0.999985
47104;5632;45056;0.750000;0.500000
47104;5632;46080;0.999985;0.500000
48128;5632;46080;0.999985;0.749985
47104;5632;45056;0.750000;0.500000
48128;5632;46080;0.999985;0.749985
48128;5632;45056;0.750000;0.749985
48128;5632;46080;0.750000;0.500000
47104;5632;46080;0.999985;0.500000
47104;5632;47104;0.999985;0.749985
48128;5632;46080;0.750000;0.500000
47104;5632;47104;0.999985;0.749985
48128;5632;47104;0.750000;0.749985
49152;5888;41984;0.000000;0.250000
48128;5888;41984;0.249985;0.250000
48128;5888;43008;0.249985;0.499985
49152;5888;41984;0.000000;0.250000
48128;5888;43008;0.249985;0.499985
49152;5888;43008;0.000000;0.499985
49152;5888;43008;0.000000;0.250000
48128;5888;43008;0.249985;0.250000
48128;5888;44032;0.249985;0.499985
49152;5888;43008;0.000000;0.250000
48128;5888;44032;0.249985;0.499985
49152;5888;44032;0.000000;0.499985
48128;5632;46080;0.750000;0.500000
49152;5632;46080;0.999985;0.500000
49152;5632;45056;0.999985;0.749985
48128;5632;46080;0.750000;0.500000
49152;5632;45056;0.999985;0.749985
48128;5632;45056;0.750000;0.749985
49152;5632;47104;0.750000;0.500000
49152;5632;46080;0.999985;0.500000
48128;5632;46080;0.999985;0.749985
49152;5632;47104;0.750000;0.500000
48128;5632;46080;0.999985;0.749985
48128;5632;47104;0.750000;0.749985
49152;6656;43008;0.500000;0.312500
49152;6656;41984;0.749985;0.312500
49152;5888;41984;0.749985;0.499985
49152;6656;43008;0.500000;0.312500
49152;5888;41984;0.749985;0.499985
49152;5888;43008;0.500000;0.499985
49152;5888;44032;0.000000;0.250000
50176;5888;44032;0.249985;0.250000
50176;5888;43008;0.249985;0.499985
49152;5888;44032;0.000000;0.250000
50176;5888;43008;0.249985;0.499985
49152;5888;43008;0.000000;0.499985
50176;6656;43008;0.500000;0.312500
49152;6656;43008;0.749985;0.312500
49152;5888;43008;0.749985;0.499985
50176;6656;43008;0.500000;0.312500
49152;5888;43008;0.749985;0.499985
50176;5888;43008;0.500000;0.499985
50176;5888;44032;0.000000;0.250000
49152;5888;44032;0.249985;0.250000
49152;5888;45056;0.249985;0.499985
50176;5888;44032;0.000000;0.250000
49152;5888;45056;0.249985;0.499985
50176;5888;45056;0.000000;0.499985
49152;5888;47104;0.749985;0.500000
50176;5888;47104;0.500000;0.500000
50176;5888;46080;0.500000;0.749985
49152;5888;47104;0.749985;0.500000
50176;5888;46080;0.500000;0.749985
49152;5888;46080;0.749985;0.749985
51200;5888;43008;0.000000;0.250000
50176;5888;43008;0.249985;0.250000
50176;5888;44032;0.249985;0.499985
51200;5888;43008;0.000000;0.250000
50176;5888;44032;0.249985;0.499985
51200;5888;44032;0.000000;0.499985
51200;6656;43008;0.500000;0.312500
50176;6656;43008;0.749985;0.312500
50176;5888;43008;0.749985;0.499985
51200;6656;43008;0.500000;0.312500
50176;5888;43008;0.749985;0.499985
51200;5888;43008;0.500000;0.499985
51200;5888;44032;0.000000;0.250000
50176;5888;44032;0.249985;0.250000
50176;5888;45056;0.249985;0.499985
51200;5888;44032;0.000000;0.250000
50176;5888;45056;0.249985;0.499985
51200;5888;45056;0.000000;0.499985
51200;5888;46080;0.500000;0.500000
50176;5888;46080;0.749985;0.500000
50176;5888;47104;0.749985;0.749985
51200;5888;46080;0.500000;0.500000
50176;5888;47104;0.749985;0.749985
51200;5888;47104;0.500000;0.749985
49152;5888;44032;0.000000;0.750000
48128;5632;44032;0.249985;0.750000
49152;5632;45056;0.000000;0.999985
48128;5632;45056;0.249985;0.999985
49152;5632;45056;0.000000;0.999985
48128;5632;44032;0.249985;0.750000
50530;6515;46001;0.500000;0.250000
50232;6515;46001;0.749985;0.250000
50232;5887;46001;0.749985;0.499985
50530;6515;46001;0.500000;0.250000
50232;5887;46001;0.749985;0.499985
50530;5887;46001;0.500000;0.499985
50232;6515;46001;0.500000;0.250000
50232;6515;45748;0.749985;0.250000
50232;5887;45748;0.749985;0.499985
50232;6515;46001;0.500000;0.250000
50232;5887;45748;0.749985;0.499985
50232;5887;46001;0.500000;0.499985
50232;6515;45748;0.500000;0.250000
50530;6515;45748;0.749985;0.250000
50530;5887;45748;0.749985;0.499985
50232;6515;45748;0.500000;0.250000
50530;5887;45748;0.749985;0.499985
50232;5887;45748;0.500000;0.499985
50530;6515;45748;0.500000;0.250000
50530;6515;46001;0.749985;0.250000
50530;5887;46001;0.749985;0.499985
50530;6515;45748;0.500000;0.250000
50530;5887;46001;0.749985;0.499985
50530;5887;45748;0.500000;0.499985
45828;6268;42224;0.500000;0.421875
45828;6268;41993;0.624985;0.421875
45828;6179;41993;0.624985;0.468735
45828;6268;42224;0.500000;0.421875
45828;6179;41993;0.624985;0.468735
45828;6179;42298;0.500000;0.468735
46163;6268;42224;0.500000;0.421875
45828;6268;42224;0.624985;0.421875
45828;6179;42298;0.624985;0.468735
46163;6268;42224;0.500000;0.421875
45828;6179;42298;0.624985;0.468735
46163;6179;42298;0.500000;0.468735
46163;6268;41993;0.500000;0.421875
46163;6268;42224;0.624985;0.421875
46163;6179;42298;0.624985;0.468735
46163;6268;41993;0.500000;0.421875
46163;6179;42298;0.624985;0.468735
46163;6179;41993;0.500000;0.468735
42925;6268;42224;0.500000;0.421875
42925;6268;41993;0.624985;0.421875
42925;6179;41993;0.624985;0.468735
42925;6268;42224;0.500000;0.421875
42925;6179;41993;0.624985;0.468735
42925;6179;42298;0.500000;0.468735
43302;6268;42224;0.500000;0.421875
42925;6268;42224;0.624985;0.421875
42925;6179;42298;0.624985;0.468735
43302;6268;42224;0.500000;0.421875
42925;6179;42298;0.624985;0.468735
43302;6179;42298;0.500000;0.468735
43302;6268;41993;0.500000;0.421875
43302;6268;42224;0.624985;0.421875
43302;6179;42298;0.624985;0.468735
43302;6268;41993;0.500000;0.421875
43302;6179;42298;0.624985;0.468735
43302;6179;41993;0.500000;0.468735
45828;6179;42298;0.500000;0.437500
45828;6179;41993;0.624985;0.437500
45828;5888;41993;0.624985;0.499985
45828;6179;42298;0.500000;0.437500
45828;5888;41993;0.624985;0.499985
45828;5888;42298;0.500000;0.499985
46163;6179;42298;0.500000;0.437500
45828;6179;42298;0.624985;0.437500
45828;5888;42298;0.624985;0.499985
46163;6179;42298;0.500000;0.437500
45828;5888;42298;0.624985;0.499985
46163;5888;42298;0.500000;0.499985
46163;6179;41993;0.500000;0.437500
46163;6179;42298;0.624985;0.437500
46163;5888;42298;0.624985;0.499985
46163;6179;41993;0.500000;0.437500
46163;5888;42298;0.624985;0.499985
46163;5888;41993;0.500000;0.499985
42925;6179;42298;0.500000;0.437500
42925;6179;41993;0.624985;0.437500
42925;5888;41993;0.624985;0.499985
42925;6179;42298;0.500000;0.437500
42925;5888;41993;0.624985;0.499985
42925;5888;42298;0.500000;0.499985
43302;6179;42298;0.500000;0.437500
42925;6179;42298;0.624985;0.437500
42925;5888;42298;0.624985;0.499985
43302;6179;42298;0.500000;0.437500
42925;5888;42298;0.624985;0.499985
43302;5888;42298;0.500000;0.499985
43302;6179;41993;0.500000;0.437500
43302;6179;42298;0.624985;0.437500
43302;5888;42298;0.624985;0.499985
43302;6179;41993;0.500000;0.437500
43302;5888;42298;0.624985;0.499985
43302;5888;41993;0.500000;0.499985
45620;6401;41996;0.500000;0.250000
45568;6401;42133;0.562485;0.250000
45585;5888;42146;0.562485;0.499985
45620;6401;41996;0.500000;0.250000
45585;5888;42146;0.562485;0.499985
45644;5888;41994;0.500000;0.499985
45568;6401;42133;0.562485;0.250000
45443;6401;42190;0.500000;0.250000
45443;5888;42209;0.500000;0.499985
45568;6401;42133;0.562485;0.250000
45443;5888;42209;0.500000;0.499985
45585;5888;42146;0.562485;0.499985
45443;6401;42190;0.500000;0.250000
45318;6401;42133;0.562485;0.250000
45300;5888;42146;0.562485;0.499985
45443;6401;42190;0.500000;0.250000
45300;5888;42146;0.562485;0.499985
45443;5888;42209;0.500000;0.499985
45318;6401;42133;0.562485;0.250000
45266;6401;41996;0.500000;0.250000
45241;5888;41994;0.500000;0.499985
45318;6401;42133;0.562485;0.250000
45241;5888;41994;0.500000;0.499985
45300;5888;42146;0.562485;0.499985
43848;6401;41996;0.500000;0.250000
43796;6401;42133;0.562485;0.250000
43813;5888;42146;0.562485;0.499985
43848;6401;41996;0.500000;0.250000
43813;5888;42146;0.562485;0.499985
43872;5888;41994;0.500000;0.499985
43796;6401;42133;0.562485;0.250000
43671;6401;42190;0.500000;0.250000
43671;5888;42209;0.500000;0.499985
43796;6401;42133;0.562485;0.250000
43671;5888;42209;0.500000;0.499985
43813;5888;42146;0.562485;0.499985
43671;6401;42190;0.500000;0.250000
43546;6401;42133;0.562485;0.250000
43529;5888;42146;0.562485;0.499985
43671;6401;42190;0.500000;0.250000
43529;5888;42146;0.562485;0.499985
43671;5888;42209;0.500000;0.499985
43546;6401;42133;0.500000;0.250000
43494;6401;41996;0.562485;0.250000
43470;5888;41994;0.562485;0.499985
43546;6401;42133;0.500000;0.250000
43470;5888;41994;0.562485;0.499985
43529;5888;42146;0.500000;0.499985
51200;11520;49152;0.500000;0.000000
50176;10496;49152;0.749985;0.000000
50176;10496;50176;0.749985;0.249985
51200;11520;49152;0.500000;0.000000
50176;10496;50176;0.749985;0.249985
51200;11520;50176;0.500000;0.249985
51200;11520;50176;0.500000;0.000000
50176;10496;50176;0.749985;0.000000
50176;10496;51200;0.749985;0.249985
51200;11520;50176;0.500000;0.000000
50176;10496;51200;0.749985;0.249985
51200;11520;51200;0.500000;0.249985
51200;11520;51200;0.500000;0.000000
50176;10496;51200;0.749985;0.000000
50176;10496;52224;0.749985;0.249985
51200;11520;51200;0.500000;0.000000
50176;10496;52224;0.749985;0.249985
51200;11520;52224;0.500000;0.249985
51200;11520;52224;0.500000;0.000000
50176;10496;52224;0.749985;0.000000
50176;10496;53248;0.749985;0.249985
51200;11520;52224;0.500000;0.000000
50176;10496;53248;0.749985;0.249985
51200;11520;53248;0.500000;0.249985
51200;11520;45056;0.500000;0.000000
50176;10496;45056;0.749985;0.000000
50176;10496;46080;0.749985;0.249985
51200;11520;45056;0.500000;0.000000
50176;10496;46080;0.749985;0.249985
51200;11520;46080;0.500000;0.249985
51200;11520;46080;0.500000;0.000000
50176;10496;46080;0.749985;0.000000
50176;10496;47104;0.749985;0.249985
51200;11520;46080;0.500000;0.000000
50176;10496;47104;0.749985;0.249985
51200;11520;47104;0.500000;0.249985
53248;5888;31744;0.000000;0.250000
52224;5888;31744;0.249985;0.250000
52224;5888;32768;0.249985;0.499985
53248;5888;31744;0.000000;0.250000
52224;5888;32768;0.249985;0.499985
53248;5888;32768;0.000000;0.499985
53248;5888;32768;0.000000;0.250000
52224;5888;32768;0.249985;0.250000
52224;5888;33792;0.249985;0.499985
53248;5888;32768;0.000000;0.250000
52224;5888;33792;0.249985;0.499985
53248;5888;33792;0.000000;0.499985
