texture6.bmp
1230
45576;7170;37888;0.734360;0.375000
45055;7170;37888;0.609375;0.375000
45055;7170;38125;0.609375;0.468735
45576;7170;37888;0.734360;0.375000
45055;7170;38125;0.609375;0.468735
45576;7170;38125;0.734360;0.468735
46081;7170;37888;0.609375;0.375000
45576;7170;37888;0.734360;0.375000
45576;7170;38125;0.734360;0.468735
46081;7170;37888;0.609375;0.375000
45576;7170;38125;0.734360;0.468735
46081;7170;38125;0.609375;0.468735
46081;5889;37888;0.609375;0.375000
46081;6631;37888;0.734360;0.375000
46081;6631;38125;0.734360;0.468735
46081;5889;37888;0.609375;0.375000
46081;6631;38125;0.734360;0.468735
46081;5889;38125;0.609375;0.468735
46081;6631;37888;0.734360;0.375000
46081;7170;37888;0.609375;0.375000
46081;7170;38125;0.609375;0.468735
46081;6631;37888;0.734360;0.375000
46081;7170;38125;0.609375;0.468735
46081;6631;38125;0.734360;0.468735
45055;6631;37888;0.734360;0.375000
45055;5889;37888;0.609375;0.375000
45055;5889;38125;0.609375;0.468735
45055;6631;37888;0.734360;0.375000
45055;5889;38125;0.609375;0.468735
45055;6631;38125;0.734360;0.468735
45055;7170;37888;0.609375;0.375000
45055;6631;37888;0.734360;0.375000
45055;6631;38125;0.734360;0.468735
45055;7170;37888;0.609375;0.375000
45055;6631;38125;0.734360;0.468735
45055;7170;38125;0.609375;0.468735
43528;7170;37888;0.734360;0.375000
43007;7170;37888;0.609375;0.375000
43007;7170;38125;0.609375;0.468735
43528;7170;37888;0.734360;0.375000
43007;7170;38125;0.609375;0.468735
43528;7170;38125;0.734360;0.468735
44033;7170;37888;0.609375;0.375000
43528;7170;37888;0.734360;0.375000
43528;7170;38125;0.734360;0.468735
44033;7170;37888;0.609375;0.375000
43528;7170;38125;0.734360;0.468735
44033;7170;38125;0.609375;0.468735
44033;5889;37888;0.609375;0.375000
44033;6631;37888;0.734360;0.375000
44033;6631;38125;0.734360;0.468735
44033;5889;37888;0.609375;0.375000
44033;6631;38125;0.734360;0.468735
44033;5889;38125;0.609375;0.468735
44033;6631;37888;0.734360;0.375000
44033;7170;37888;0.609375;0.375000
44033;7170;38125;0.609375;0.468735
44033;6631;37888;0.734360;0.375000
44033;7170;38125;0.609375;0.468735
44033;6631;38125;0.734360;0.468735
43007;6631;37888;0.734360;0.375000
43007;5889;37888;0.609375;0.375000
43007;5889;38125;0.609375;0.468735
43007;6631;37888;0.734360;0.375000
43007;5889;38125;0.609375;0.468735
43007;6631;38125;0.734360;0.468735
43007;7170;37888;0.609375;0.375000
43007;6631;37888;0.734360;0.375000
43007;6631;38125;0.734360;0.468735
43007;7170;37888;0.609375;0.375000
43007;6631;38125;0.734360;0.468735
43007;7170;38125;0.609375;0.468735
42504;7170;37888;0.734360;0.375000
41983;7170;37888;0.609375;0.375000
41983;7170;38125;0.609375;0.468735
42504;7170;37888;0.734360;0.375000
41983;7170;38125;0.609375;0.468735
42504;7170;38125;0.734360;0.468735
43009;7170;37888;0.609375;0.375000
42504;7170;37888;0.734360;0.375000
42504;7170;38125;0.734360;0.468735
43009;7170;37888;0.609375;0.375000
42504;7170;38125;0.734360;0.468735
43009;7170;38125;0.609375;0.468735
43009;5889;37888;0.609375;0.375000
43009;6631;37888;0.734360;0.375000
43009;6631;38125;0.734360;0.468735
43009;5889;37888;0.609375;0.375000
43009;6631;38125;0.734360;0.468735
43009;5889;38125;0.609375;0.468735
43009;6631;37888;0.734360;0.375000
43009;7170;37888;0.609375;0.375000
43009;7170;38125;0.609375;0.468735
43009;6631;37888;0.734360;0.375000
43009;7170;38125;0.609375;0.468735
43009;6631;38125;0.734360;0.468735
41983;6631;37888;0.734360;0.375000
41983;5889;37888;0.609375;0.375000
41983;5889;38125;0.609375;0.468735
41983;6631;37888;0.734360;0.375000
41983;5889;38125;0.609375;0.468735
41983;6631;38125;0.734360;0.468735
41983;7170;37888;0.609375;0.375000
41983;6631;37888;0.734360;0.375000
41983;6631;38125;0.734360;0.468735
41983;7170;37888;0.609375;0.375000
41983;6631;38125;0.734360;0.468735
41983;7170;38125;0.609375;0.468735
45576;7170;39936;0.734360;0.375000
45055;7170;39936;0.609375;0.375000
45055;7170;40173;0.609375;0.468735
45576;7170;39936;0.734360;0.375000
45055;7170;40173;0.609375;0.468735
45576;7170;40173;0.734360;0.468735
46081;7170;39936;0.609375;0.375000
45576;7170;39936;0.734360;0.375000
45576;7170;40173;0.734360;0.468735
46081;7170;39936;0.609375;0.375000
45576;7170;40173;0.734360;0.468735
46081;7170;40173;0.609375;0.468735
46081;5889;39936;0.609375;0.375000
46081;6631;39936;0.734360;0.375000
46081;6631;40173;0.734360;0.468735
46081;5889;39936;0.609375;0.375000
46081;6631;40173;0.734360;0.468735
46081;5889;40173;0.609375;0.468735
46081;6631;39936;0.734360;0.375000
46081;7170;39936;0.609375;0.375000
46081;7170;40173;0.609375;0.468735
46081;6631;39936;0.734360;0.375000
46081;7170;40173;0.609375;0.468735
46081;6631;40173;0.734360;0.468735
45055;6631;39936;0.734360;0.375000
45055;5889;39936;0.609375;0.375000
45055;5889;40173;0.609375;0.468735
45055;6631;39936;0.734360;0.375000
45055;5889;40173;0.609375;0.468735
45055;6631;40173;0.734360;0.468735
45055;7170;39936;0.609375;0.375000
45055;6631;39936;0.734360;0.375000
45055;6631;40173;0.734360;0.468735
45055;7170;39936;0.609375;0.375000
45055;6631;40173;0.734360;0.468735
45055;7170;40173;0.609375;0.468735
45576;7170;38912;0.734360;0.375000
45055;7170;38912;0.609375;0.375000
45055;7170;39149;0.609375;0.468735
45576;7170;38912;0.734360;0.375000
45055;7170;39149;0.609375;0.468735
45576;7170;39149;0.734360;0.468735
46081;7170;38912;0.609375;0.375000
45576;7170;38912;0.734360;0.375000
45576;7170;39149;0.734360;0.468735
46081;7170;38912;0.609375;0.375000
45576;7170;39149;0.734360;0.468735
46081;7170;39149;0.609375;0.468735
46081;5889;38912;0.609375;0.375000
46081;6631;38912;0.734360;0.375000
46081;6631;39149;0.734360;0.468735
46081;5889;38912;0.609375;0.375000
46081;6631;39149;0.734360;0.468735
46081;5889;39149;0.609375;0.468735
46081;6631;38912;0.734360;0.375000
46081;7170;38912;0.609375;0.375000
46081;7170;39149;0.609375;0.468735
46081;6631;38912;0.734360;0.375000
46081;7170;39149;0.609375;0.468735
46081;6631;39149;0.734360;0.468735
45055;6631;38912;0.734360;0.375000
45055;5889;38912;0.609375;0.375000
45055;5889;39149;0.609375;0.468735
45055;6631;38912;0.734360;0.375000
45055;5889;39149;0.609375;0.468735
45055;6631;39149;0.734360;0.468735
45055;7170;38912;0.609375;0.375000
45055;6631;38912;0.734360;0.375000
45055;6631;39149;0.734360;0.468735
45055;7170;38912;0.609375;0.375000
45055;6631;39149;0.734360;0.468735
45055;7170;39149;0.609375;0.468735
42611;6849;39964;0.593750;0.750000
42555;6849;40041;0.656235;0.750000
42591;6979;40041;0.656235;0.906235
42611;6849;39964;0.593750;0.750000
42591;6979;40041;0.656235;0.906235
42619;6979;40001;0.593750;0.906235
42701;6849;39993;0.656235;0.750000
42611;6849;39964;0.593750;0.750000
42619;6979;40001;0.593750;0.906235
42701;6849;39993;0.656235;0.750000
42619;6979;40001;0.593750;0.906235
42665;6979;40016;0.656235;0.906235
42701;6849;40088;0.593750;0.750000
42701;6849;39993;0.656235;0.750000
42665;6979;40016;0.656235;0.906235
42701;6849;40088;0.593750;0.750000
42665;6979;40016;0.656235;0.906235
42665;6979;40065;0.593750;0.906235
42611;6849;40118;0.656235;0.750000
42701;6849;40088;0.593750;0.750000
42665;6979;40065;0.593750;0.906235
42611;6849;40118;0.656235;0.750000
42665;6979;40065;0.593750;0.906235
42619;6979;40080;0.656235;0.906235
42555;6849;40041;0.593750;0.750000
42611;6849;40118;0.656235;0.750000
42619;6979;40080;0.656235;0.906235
42555;6849;40041;0.593750;0.750000
42619;6979;40080;0.656235;0.906235
42591;6979;40041;0.593750;0.906235
42345;6850;39960;0.656235;0.750000
42289;6850;40037;0.593750;0.750000
42325;6981;40037;0.593750;0.906235
42345;6850;39960;0.656235;0.750000
42325;6981;40037;0.593750;0.906235
42353;6981;39998;0.656235;0.906235
42435;6850;39990;0.593750;0.750000
42345;6850;39960;0.656235;0.750000
42353;6981;39998;0.656235;0.906235
42435;6850;39990;0.593750;0.750000
42353;6981;39998;0.656235;0.906235
42399;6981;40013;0.593750;0.906235
42435;6850;40085;0.593750;0.750000
42435;6850;39990;0.656235;0.750000
42399;6981;40013;0.656235;0.906235
42435;6850;40085;0.593750;0.750000
42399;6981;40013;0.656235;0.906235
42399;6981;40061;0.593750;0.906235
42345;6850;40114;0.656235;0.750000
42435;6850;40085;0.593750;0.750000
42399;6981;40061;0.593750;0.906235
42345;6850;40114;0.656235;0.750000
42399;6981;40061;0.593750;0.906235
42353;6981;40076;0.656235;0.906235
42289;6850;40037;0.593750;0.750000
42345;6850;40114;0.656235;0.750000
42353;6981;40076;0.656235;0.906235
42289;6850;40037;0.593750;0.750000
42353;6981;40076;0.656235;0.906235
42325;6981;40037;0.593750;0.906235
42504;7170;38912;0.734360;0.375000
41983;7170;38912;0.609375;0.375000
41983;7170;39149;0.609375;0.468735
42504;7170;38912;0.734360;0.375000
41983;7170;39149;0.609375;0.468735
42504;7170;39149;0.734360;0.468735
43009;7170;38912;0.609375;0.375000
42504;7170;38912;0.734360;0.375000
42504;7170;39149;0.734360;0.468735
43009;7170;38912;0.609375;0.375000
42504;7170;39149;0.734360;0.468735
43009;7170;39149;0.609375;0.468735
43009;5889;38912;0.609375;0.375000
43009;6631;38912;0.734360;0.375000
43009;6631;39149;0.734360;0.468735
43009;5889;38912;0.609375;0.375000
43009;6631;39149;0.734360;0.468735
43009;5889;39149;0.609375;0.468735
43009;6631;38912;0.734360;0.375000
43009;7170;38912;0.609375;0.375000
43009;7170;39149;0.609375;0.468735
43009;6631;38912;0.734360;0.375000
43009;7170;39149;0.609375;0.468735
43009;6631;39149;0.734360;0.468735
41983;6631;38912;0.734360;0.375000
41983;5889;38912;0.609375;0.375000
41983;5889;39149;0.609375;0.468735
41983;6631;38912;0.734360;0.375000
41983;5889;39149;0.609375;0.468735
41983;6631;39149;0.734360;0.468735
41983;7170;38912;0.609375;0.375000
41983;6631;38912;0.734360;0.375000
41983;6631;39149;0.734360;0.468735
41983;7170;38912;0.609375;0.375000
41983;6631;39149;0.734360;0.468735
41983;7170;39149;0.609375;0.468735
52851;8129;45084;0.593750;0.750000
52795;8129;45161;0.656235;0.750000
52831;8259;45161;0.656235;0.906235
52851;8129;45084;0.593750;0.750000
52831;8259;45161;0.656235;0.906235
52859;8259;45121;0.593750;0.906235
52941;8129;45113;0.656235;0.750000
52851;8129;45084;0.593750;0.750000
52859;8259;45121;0.593750;0.906235
52941;8129;45113;0.656235;0.750000
52859;8259;45121;0.593750;0.906235
52905;8259;45136;0.656235;0.906235
52941;8129;45208;0.593750;0.750000
52941;8129;45113;0.656235;0.750000
52905;8259;45136;0.656235;0.906235
52941;8129;45208;0.593750;0.750000
52905;8259;45136;0.656235;0.906235
52905;8259;45185;0.593750;0.906235
52851;8129;45238;0.656235;0.750000
52941;8129;45208;0.593750;0.750000
52905;8259;45185;0.593750;0.906235
52851;8129;45238;0.656235;0.750000
52905;8259;45185;0.593750;0.906235
52859;8259;45200;0.656235;0.906235
52795;8129;45161;0.593750;0.750000
52851;8129;45238;0.656235;0.750000
52859;8259;45200;0.656235;0.906235
52795;8129;45161;0.593750;0.750000
52859;8259;45200;0.656235;0.906235
52831;8259;45161;0.593750;0.906235
52585;8130;45080;0.656235;0.750000
52529;8130;45157;0.593750;0.750000
52565;8261;45157;0.593750;0.906235
52585;8130;45080;0.656235;0.750000
52565;8261;45157;0.593750;0.906235
52593;8261;45118;0.656235;0.906235
52675;8130;45110;0.593750;0.750000
52585;8130;45080;0.656235;0.750000
52593;8261;45118;0.656235;0.906235
52675;8130;45110;0.593750;0.750000
52593;8261;45118;0.656235;0.906235
52639;8261;45133;0.593750;0.906235
52675;8130;45205;0.593750;0.750000
52675;8130;45110;0.656235;0.750000
52639;8261;45133;0.656235;0.906235
52675;8130;45205;0.593750;0.750000
52639;8261;45133;0.656235;0.906235
52639;8261;45181;0.593750;0.906235
52585;8130;45234;0.656235;0.750000
52675;8130;45205;0.593750;0.750000
52639;8261;45181;0.593750;0.906235
52585;8130;45234;0.656235;0.750000
52639;8261;45181;0.593750;0.906235
52593;8261;45196;0.656235;0.906235
52529;8130;45157;0.593750;0.750000
52585;8130;45234;0.656235;0.750000
52593;8261;45196;0.656235;0.906235
52529;8130;45157;0.593750;0.750000
52593;8261;45196;0.656235;0.906235
52565;8261;45157;0.593750;0.906235
51452;7168;49150;0.000000;0.390625
51974;7168;49150;0.124985;0.390625
51974;6908;49150;0.124985;0.484360
51452;7168;49150;0.000000;0.390625
51974;6908;49150;0.124985;0.484360
51451;6908;49150;0.000000;0.484360
51974;7168;49206;0.000000;0.390625
51452;7168;49206;0.124985;0.390625
51451;6908;49206;0.124985;0.484360
51974;7168;49206;0.000000;0.390625
51451;6908;49206;0.124985;0.484360
51974;6908;49206;0.000000;0.484360
44284;7168;40958;0.000000;0.390625
44806;7168;40958;0.124985;0.390625
44806;6908;40958;0.124985;0.484360
44284;7168;40958;0.000000;0.390625
44806;6908;40958;0.124985;0.484360
44283;6908;40958;0.000000;0.484360
44806;7168;41014;0.000000;0.390625
44284;7168;41014;0.124985;0.390625
44283;6908;41014;0.124985;0.484360
44806;7168;41014;0.000000;0.390625
44283;6908;41014;0.124985;0.484360
44806;6908;41014;0.000000;0.484360
52591;10498;45447;0.687500;0.531250
52871;10498;45447;0.749985;0.531250
52872;9828;45447;0.749985;0.718735
52591;10498;45447;0.687500;0.531250
52872;9828;45447;0.749985;0.718735
52590;9828;45447;0.687500;0.718735
51813;10193;47490;0.687500;0.531250
51812;10193;47735;0.749985;0.531250
51812;10496;47735;0.749985;0.718735
51813;10193;47490;0.687500;0.531250
51812;10496;47735;0.749985;0.718735
51813;10496;47490;0.687500;0.718735
52079;10193;47491;0.687500;0.531250
51813;10193;47490;0.749985;0.531250
51813;10496;47490;0.749985;0.718735
52079;10193;47491;0.687500;0.531250
51813;10496;47490;0.749985;0.718735
52079;10496;47491;0.687500;0.718735
51812;10193;47735;0.687500;0.531250
52079;10193;47735;0.749985;0.531250
52079;10496;47735;0.749985;0.718735
51812;10193;47735;0.687500;0.531250
52079;10496;47735;0.749985;0.718735
51812;10496;47735;0.687500;0.718735
56693;10498;45447;0.687500;0.531250
56973;10498;45447;0.749985;0.531250
56974;9828;45447;0.749985;0.718735
56693;10498;45447;0.687500;0.531250
56974;9828;45447;0.749985;0.718735
56692;9828;45447;0.687500;0.718735
57751;10496;47490;0.687500;0.531250
57752;10496;47735;0.749985;0.531250
57752;10193;47735;0.749985;0.718735
57751;10496;47490;0.687500;0.531250
57752;10193;47735;0.749985;0.718735
57751;10193;47490;0.687500;0.718735
57485;10496;47491;0.687500;0.531250
57751;10496;47490;0.749985;0.531250
57751;10193;47490;0.749985;0.718735
57485;10496;47491;0.687500;0.531250
57751;10193;47490;0.749985;0.718735
57485;10193;47491;0.687500;0.718735
57752;10496;47735;0.687500;0.531250
57485;10496;47735;0.749985;0.531250
57485;10193;47735;0.749985;0.718735
57752;10496;47735;0.687500;0.531250
57485;10193;47735;0.749985;0.718735
57752;10193;47735;0.687500;0.718735
52872;10495;51835;0.687500;0.531250
52593;10495;51835;0.749985;0.531250
52593;9828;51834;0.749985;0.718735
52872;10495;51835;0.687500;0.531250
52593;9828;51834;0.749985;0.718735
52872;9828;51834;0.687500;0.718735
51812;10193;49545;0.749985;0.531250
51812;10193;49790;0.687500;0.531250
51812;10495;49790;0.687500;0.718735
51812;10193;49545;0.749985;0.531250
51812;10495;49790;0.687500;0.718735
51812;10495;49545;0.749985;0.718735
51812;10193;49790;0.749985;0.531250
52079;10193;49789;0.687500;0.531250
52079;10495;49789;0.687500;0.718735
51812;10193;49790;0.749985;0.531250
52079;10495;49789;0.687500;0.718735
51812;10495;49790;0.749985;0.718735
52079;10193;49544;0.749985;0.531250
51812;10193;49545;0.687500;0.531250
51812;10495;49545;0.687500;0.718735
52079;10193;49544;0.749985;0.531250
51812;10495;49545;0.687500;0.718735
52079;10495;49544;0.749985;0.718735
56967;10495;51835;0.749985;0.531250
56688;10495;51835;0.687500;0.531250
56688;9828;51834;0.687500;0.718735
56967;10495;51835;0.749985;0.531250
56688;9828;51834;0.687500;0.718735
56967;9828;51834;0.749985;0.718735
57748;10193;49790;0.749985;0.531250
57748;10193;49545;0.687500;0.531250
57748;10495;49545;0.687500;0.718735
57748;10193;49790;0.749985;0.531250
57748;10495;49545;0.687500;0.718735
57748;10495;49790;0.749985;0.718735
57481;10193;49789;0.749985;0.531250
57748;10193;49790;0.687500;0.531250
57748;10495;49790;0.687500;0.718735
57481;10193;49789;0.749985;0.531250
57748;10495;49790;0.687500;0.718735
57481;10495;49789;0.749985;0.718735
57748;10193;49545;0.749985;0.531250
57481;10193;49544;0.687500;0.531250
57481;10495;49544;0.687500;0.718735
57748;10193;49545;0.749985;0.531250
57481;10495;49544;0.687500;0.718735
57748;10495;49545;0.749985;0.718735
52744;9474;54272;0.734360;0.375000
52223;9474;54272;0.609375;0.375000
52223;9474;54509;0.609375;0.468735
52744;9474;54272;0.734360;0.375000
52223;9474;54509;0.609375;0.468735
52744;9474;54509;0.734360;0.468735
53249;9474;54272;0.609375;0.375000
52744;9474;54272;0.734360;0.375000
52744;9474;54509;0.734360;0.468735
53249;9474;54272;0.609375;0.375000
52744;9474;54509;0.734360;0.468735
53249;9474;54509;0.609375;0.468735
53249;8193;54272;0.609375;0.375000
53249;8935;54272;0.734360;0.375000
53249;8935;54509;0.734360;0.468735
53249;8193;54272;0.609375;0.375000
53249;8935;54509;0.734360;0.468735
53249;8193;54509;0.609375;0.468735
53249;8935;54272;0.734360;0.375000
53249;9474;54272;0.609375;0.375000
53249;9474;54509;0.609375;0.468735
53249;8935;54272;0.734360;0.375000
53249;9474;54509;0.609375;0.468735
53249;8935;54509;0.734360;0.468735
52223;8935;54272;0.734360;0.375000
52223;8193;54272;0.609375;0.375000
52223;8193;54509;0.609375;0.468735
52223;8935;54272;0.734360;0.375000
52223;8193;54509;0.609375;0.468735
52223;8935;54509;0.734360;0.468735
52223;9474;54272;0.609375;0.375000
52223;8935;54272;0.734360;0.375000
52223;8935;54509;0.734360;0.468735
52223;9474;54272;0.609375;0.375000
52223;8935;54509;0.734360;0.468735
52223;9474;54509;0.609375;0.468735
56840;9474;54272;0.734360;0.375000
56319;9474;54272;0.609375;0.375000
56319;9474;54509;0.609375;0.468735
56840;9474;54272;0.734360;0.375000
56319;9474;54509;0.609375;0.468735
56840;9474;54509;0.734360;0.468735
57345;9474;54272;0.609375;0.375000
56840;9474;54272;0.734360;0.375000
56840;9474;54509;0.734360;0.468735
57345;9474;54272;0.609375;0.375000
56840;9474;54509;0.734360;0.468735
57345;9474;54509;0.609375;0.468735
57345;8193;54272;0.609375;0.375000
57345;8935;54272;0.734360;0.375000
57345;8935;54509;0.734360;0.468735
57345;8193;54272;0.609375;0.375000
57345;8935;54509;0.734360;0.468735
57345;8193;54509;0.609375;0.468735
57345;8935;54272;0.734360;0.375000
57345;9474;54272;0.609375;0.375000
57345;9474;54509;0.609375;0.468735
57345;8935;54272;0.734360;0.375000
57345;9474;54509;0.609375;0.468735
57345;8935;54509;0.734360;0.468735
56319;8935;54272;0.734360;0.375000
56319;8193;54272;0.609375;0.375000
56319;8193;54509;0.609375;0.468735
56319;8935;54272;0.734360;0.375000
56319;8193;54509;0.609375;0.468735
56319;8935;54509;0.734360;0.468735
56319;9474;54272;0.609375;0.375000
56319;8935;54272;0.734360;0.375000
56319;8935;54509;0.734360;0.468735
56319;9474;54272;0.609375;0.375000
56319;8935;54509;0.734360;0.468735
56319;9474;54509;0.609375;0.468735
52744;9474;53248;0.734360;0.375000
52223;9474;53248;0.609375;0.375000
52223;9474;53485;0.609375;0.468735
52744;9474;53248;0.734360;0.375000
52223;9474;53485;0.609375;0.468735
52744;9474;53485;0.734360;0.468735
53249;9474;53248;0.609375;0.375000
52744;9474;53248;0.734360;0.375000
52744;9474;53485;0.734360;0.468735
53249;9474;53248;0.609375;0.375000
52744;9474;53485;0.734360;0.468735
53249;9474;53485;0.609375;0.468735
53249;8193;53248;0.609375;0.375000
53249;8935;53248;0.734360;0.375000
53249;8935;53485;0.734360;0.468735
53249;8193;53248;0.609375;0.375000
53249;8935;53485;0.734360;0.468735
53249;8193;53485;0.609375;0.468735
53249;8935;53248;0.734360;0.375000
53249;9474;53248;0.609375;0.375000
53249;9474;53485;0.609375;0.468735
53249;8935;53248;0.734360;0.375000
53249;9474;53485;0.609375;0.468735
53249;8935;53485;0.734360;0.468735
52223;8935;53248;0.734360;0.375000
52223;8193;53248;0.609375;0.375000
52223;8193;53485;0.609375;0.468735
52223;8935;53248;0.734360;0.375000
52223;8193;53485;0.609375;0.468735
52223;8935;53485;0.734360;0.468735
52223;9474;53248;0.609375;0.375000
52223;8935;53248;0.734360;0.375000
52223;8935;53485;0.734360;0.468735
52223;9474;53248;0.609375;0.375000
52223;8935;53485;0.734360;0.468735
52223;9474;53485;0.609375;0.468735
56840;9474;53248;0.734360;0.375000
56319;9474;53248;0.609375;0.375000
56319;9474;53485;0.609375;0.468735
56840;9474;53248;0.734360;0.375000
56319;9474;53485;0.609375;0.468735
56840;9474;53485;0.734360;0.468735
57345;9474;53248;0.609375;0.375000
56840;9474;53248;0.734360;0.375000
56840;9474;53485;0.734360;0.468735
57345;9474;53248;0.609375;0.375000
56840;9474;53485;0.734360;0.468735
57345;9474;53485;0.609375;0.468735
57345;8193;53248;0.609375;0.375000
57345;8935;53248;0.734360;0.375000
57345;8935;53485;0.734360;0.468735
57345;8193;53248;0.609375;0.375000
57345;8935;53485;0.734360;0.468735
57345;8193;53485;0.609375;0.468735
57345;8935;53248;0.734360;0.375000
57345;9474;53248;0.609375;0.375000
57345;9474;53485;0.609375;0.468735
57345;8935;53248;0.734360;0.375000
57345;9474;53485;0.609375;0.468735
57345;8935;53485;0.734360;0.468735
56319;8935;53248;0.734360;0.375000
56319;8193;53248;0.609375;0.375000
56319;8193;53485;0.609375;0.468735
56319;8935;53248;0.734360;0.375000
56319;8193;53485;0.609375;0.468735
56319;8935;53485;0.734360;0.468735
56319;9474;53248;0.609375;0.375000
56319;8935;53248;0.734360;0.375000
56319;8935;53485;0.734360;0.468735
56319;9474;53248;0.609375;0.375000
56319;8935;53485;0.734360;0.468735
56319;9474;53485;0.609375;0.468735
56840;9474;48128;0.734360;0.375000
56319;9474;48128;0.609375;0.375000
56319;9474;48365;0.609375;0.468735
56840;9474;48128;0.734360;0.375000
56319;9474;48365;0.609375;0.468735
56840;9474;48365;0.734360;0.468735
57345;9474;48128;0.609375;0.375000
56840;9474;48128;0.734360;0.375000
56840;9474;48365;0.734360;0.468735
57345;9474;48128;0.609375;0.375000
56840;9474;48365;0.734360;0.468735
57345;9474;48365;0.609375;0.468735
57345;8193;48128;0.609375;0.375000
57345;8935;48128;0.734360;0.375000
57345;8935;48365;0.734360;0.468735
57345;8193;48128;0.609375;0.375000
57345;8935;48365;0.734360;0.468735
57345;8193;48365;0.609375;0.468735
57345;8935;48128;0.734360;0.375000
57345;9474;48128;0.609375;0.375000
57345;9474;48365;0.609375;0.468735
57345;8935;48128;0.734360;0.375000
57345;9474;48365;0.609375;0.468735
57345;8935;48365;0.734360;0.468735
56319;8935;48128;0.734360;0.375000
56319;8193;48128;0.609375;0.375000
56319;8193;48365;0.609375;0.468735
56319;8935;48128;0.734360;0.375000
56319;8193;48365;0.609375;0.468735
56319;8935;48365;0.734360;0.468735
56319;9474;48128;0.609375;0.375000
56319;8935;48128;0.734360;0.375000
56319;8935;48365;0.734360;0.468735
56319;9474;48128;0.609375;0.375000
56319;8935;48365;0.734360;0.468735
56319;9474;48365;0.609375;0.468735
52744;9474;47104;0.734360;0.375000
52223;9474;47104;0.609375;0.375000
52223;9474;47341;0.609375;0.468735
52744;9474;47104;0.734360;0.375000
52223;9474;47341;0.609375;0.468735
52744;9474;47341;0.734360;0.468735
53249;9474;47104;0.609375;0.375000
52744;9474;47104;0.734360;0.375000
52744;9474;47341;0.734360;0.468735
53249;9474;47104;0.609375;0.375000
52744;9474;47341;0.734360;0.468735
53249;9474;47341;0.609375;0.468735
53249;8193;47104;0.609375;0.375000
53249;8935;47104;0.734360;0.375000
53249;8935;47341;0.734360;0.468735
53249;8193;47104;0.609375;0.375000
53249;8935;47341;0.734360;0.468735
53249;8193;47341;0.609375;0.468735
53249;8935;47104;0.734360;0.375000
53249;9474;47104;0.609375;0.375000
53249;9474;47341;0.609375;0.468735
53249;8935;47104;0.734360;0.375000
53249;9474;47341;0.609375;0.468735
53249;8935;47341;0.734360;0.468735
52223;8935;47104;0.734360;0.375000
52223;8193;47104;0.609375;0.375000
52223;8193;47341;0.609375;0.468735
52223;8935;47104;0.734360;0.375000
52223;8193;47341;0.609375;0.468735
52223;8935;47341;0.734360;0.468735
52223;9474;47104;0.609375;0.375000
52223;8935;47104;0.734360;0.375000
52223;8935;47341;0.734360;0.468735
52223;9474;47104;0.609375;0.375000
52223;8935;47341;0.734360;0.468735
52223;9474;47341;0.609375;0.468735
56840;9474;49152;0.734360;0.375000
56319;9474;49152;0.609375;0.375000
56319;9474;49389;0.609375;0.468735
56840;9474;49152;0.734360;0.375000
56319;9474;49389;0.609375;0.468735
56840;9474;49389;0.734360;0.468735
57345;9474;49152;0.609375;0.375000
56840;9474;49152;0.734360;0.375000
56840;9474;49389;0.734360;0.468735
57345;9474;49152;0.609375;0.375000
56840;9474;49389;0.734360;0.468735
57345;9474;49389;0.609375;0.468735
57345;8193;49152;0.609375;0.375000
57345;8935;49152;0.734360;0.375000
57345;8935;49389;0.734360;0.468735
57345;8193;49152;0.609375;0.375000
57345;8935;49389;0.734360;0.468735
57345;8193;49389;0.609375;0.468735
57345;8935;49152;0.734360;0.375000
57345;9474;49152;0.609375;0.375000
57345;9474;49389;0.609375;0.468735
57345;8935;49152;0.734360;0.375000
57345;9474;49389;0.609375;0.468735
57345;8935;49389;0.734360;0.468735
56319;8935;49152;0.734360;0.375000
56319;8193;49152;0.609375;0.375000
56319;8193;49389;0.609375;0.468735
56319;8935;49152;0.734360;0.375000
56319;8193;49389;0.609375;0.468735
56319;8935;49389;0.734360;0.468735
56319;9474;49152;0.609375;0.375000
56319;8935;49152;0.734360;0.375000
56319;8935;49389;0.734360;0.468735
56319;9474;49152;0.609375;0.375000
56319;8935;49389;0.734360;0.468735
56319;9474;49389;0.609375;0.468735
56840;9474;47104;0.734360;0.375000
56319;9474;47104;0.609375;0.375000
56319;9474;47341;0.609375;0.468735
56840;9474;47104;0.734360;0.375000
56319;9474;47341;0.609375;0.468735
56840;9474;47341;0.734360;0.468735
57345;9474;47104;0.609375;0.375000
56840;9474;47104;0.734360;0.375000
56840;9474;47341;0.734360;0.468735
57345;9474;47104;0.609375;0.375000
56840;9474;47341;0.734360;0.468735
57345;9474;47341;0.609375;0.468735
57345;8193;47104;0.609375;0.375000
57345;8935;47104;0.734360;0.375000
57345;8935;47341;0.734360;0.468735
57345;8193;47104;0.609375;0.375000
57345;8935;47341;0.734360;0.468735
57345;8193;47341;0.609375;0.468735
57345;8935;47104;0.734360;0.375000
57345;9474;47104;0.609375;0.375000
57345;9474;47341;0.609375;0.468735
57345;8935;47104;0.734360;0.375000
57345;9474;47341;0.609375;0.468735
57345;8935;47341;0.734360;0.468735
56319;8935;47104;0.734360;0.375000
56319;8193;47104;0.609375;0.375000
56319;8193;47341;0.609375;0.468735
56319;8935;47104;0.734360;0.375000
56319;8193;47341;0.609375;0.468735
56319;8935;47341;0.734360;0.468735
56319;9474;47104;0.609375;0.375000
56319;8935;47104;0.734360;0.375000
56319;8935;47341;0.734360;0.468735
56319;9474;47104;0.609375;0.375000
56319;8935;47341;0.734360;0.468735
56319;9474;47341;0.609375;0.468735
53248;9475;55035;0.609375;0.375000
53768;9475;55035;0.718735;0.375000
53768;9475;54561;0.718735;0.453110
53248;9475;55035;0.609375;0.375000
53768;9475;54561;0.718735;0.453110
53248;9475;54561;0.609375;0.453110
54274;9475;54561;0.609375;0.375000
53768;9475;54561;0.718735;0.375000
53768;9475;55035;0.718735;0.453110
54274;9475;54561;0.609375;0.375000
53768;9475;55035;0.718735;0.453110
54274;9475;55035;0.609375;0.453110
52222;9475;55035;0.609375;0.375000
52743;9475;55035;0.718735;0.375000
52743;9475;54561;0.718735;0.453110
52222;9475;55035;0.609375;0.375000
52743;9475;54561;0.718735;0.453110
52222;9475;54561;0.609375;0.453110
53248;9475;54561;0.609375;0.375000
52743;9475;54561;0.718735;0.375000
52743;9475;55035;0.718735;0.453110
53248;9475;54561;0.609375;0.375000
52743;9475;55035;0.718735;0.453110
53248;9475;55035;0.609375;0.453110
52222;8194;55035;0.609375;0.375000
52222;8935;55035;0.718735;0.375000
52222;8935;54561;0.718735;0.453110
52222;8194;55035;0.609375;0.375000
52222;8935;54561;0.718735;0.453110
52222;8194;54561;0.609375;0.453110
52222;9475;54561;0.609375;0.375000
52222;8935;54561;0.718735;0.375000
52222;8935;55035;0.718735;0.453110
52222;9475;54561;0.609375;0.375000
52222;8935;55035;0.718735;0.453110
52222;9475;55035;0.609375;0.453110
55296;9475;55035;0.609375;0.375000
55816;9475;55035;0.718735;0.375000
55816;9475;54561;0.718735;0.453110
55296;9475;55035;0.609375;0.375000
55816;9475;54561;0.718735;0.453110
55296;9475;54561;0.609375;0.453110
56322;9475;54561;0.609375;0.375000
55816;9475;54561;0.718735;0.375000
55816;9475;55035;0.718735;0.453110
56322;9475;54561;0.609375;0.375000
55816;9475;55035;0.718735;0.453110
56322;9475;55035;0.609375;0.453110
54270;9475;55035;0.609375;0.375000
54791;9475;55035;0.718735;0.375000
54791;9475;54561;0.718735;0.453110
54270;9475;55035;0.609375;0.375000
54791;9475;54561;0.718735;0.453110
54270;9475;54561;0.609375;0.453110
55296;9475;54561;0.609375;0.375000
54791;9475;54561;0.718735;0.375000
54791;9475;55035;0.718735;0.453110
55296;9475;54561;0.609375;0.375000
54791;9475;55035;0.718735;0.453110
55296;9475;55035;0.609375;0.453110
54270;8194;55035;0.609375;0.375000
54270;8935;55035;0.718735;0.375000
54270;8935;54561;0.718735;0.453110
54270;8194;55035;0.609375;0.375000
54270;8935;54561;0.718735;0.453110
54270;8194;54561;0.609375;0.453110
54270;9475;54561;0.609375;0.375000
54270;8935;54561;0.718735;0.375000
54270;8935;55035;0.718735;0.453110
54270;9475;54561;0.609375;0.375000
54270;8935;55035;0.718735;0.453110
54270;9475;55035;0.609375;0.453110
54899;9537;54300;0.593750;0.750000
54843;9537;54377;0.656235;0.750000
54879;9667;54377;0.656235;0.906235
54899;9537;54300;0.593750;0.750000
54879;9667;54377;0.656235;0.906235
54907;9667;54337;0.593750;0.906235
54989;9537;54329;0.656235;0.750000
54899;9537;54300;0.593750;0.750000
54907;9667;54337;0.593750;0.906235
54989;9537;54329;0.656235;0.750000
54907;9667;54337;0.593750;0.906235
54953;9667;54352;0.656235;0.906235
54989;9537;54424;0.593750;0.750000
54989;9537;54329;0.656235;0.750000
54953;9667;54352;0.656235;0.906235
54989;9537;54424;0.593750;0.750000
54953;9667;54352;0.656235;0.906235
54953;9667;54401;0.593750;0.906235
54899;9537;54454;0.656235;0.750000
54989;9537;54424;0.593750;0.750000
54953;9667;54401;0.593750;0.906235
54899;9537;54454;0.656235;0.750000
54953;9667;54401;0.593750;0.906235
54907;9667;54416;0.656235;0.906235
54843;9537;54377;0.593750;0.750000
54899;9537;54454;0.656235;0.750000
54907;9667;54416;0.656235;0.906235
54843;9537;54377;0.593750;0.750000
54907;9667;54416;0.656235;0.906235
54879;9667;54377;0.593750;0.906235
54633;9538;54296;0.656235;0.750000
54577;9538;54373;0.593750;0.750000
54613;9669;54373;0.593750;0.906235
54633;9538;54296;0.656235;0.750000
54613;9669;54373;0.593750;0.906235
54641;9669;54334;0.656235;0.906235
54723;9538;54326;0.593750;0.750000
54633;9538;54296;0.656235;0.750000
54641;9669;54334;0.656235;0.906235
54723;9538;54326;0.593750;0.750000
54641;9669;54334;0.656235;0.906235
54687;9669;54349;0.593750;0.906235
54723;9538;54421;0.593750;0.750000
54723;9538;54326;0.656235;0.750000
54687;9669;54349;0.656235;0.906235
54723;9538;54421;0.593750;0.750000
54687;9669;54349;0.656235;0.906235
54687;9669;54397;0.593750;0.906235
54633;9538;54450;0.656235;0.750000
54723;9538;54421;0.593750;0.750000
54687;9669;54397;0.593750;0.906235
54633;9538;54450;0.656235;0.750000
54687;9669;54397;0.593750;0.906235
54641;9669;54412;0.656235;0.906235
54577;9538;54373;0.593750;0.750000
54633;9538;54450;0.656235;0.750000
54641;9669;54412;0.656235;0.906235
54577;9538;54373;0.593750;0.750000
54641;9669;54412;0.656235;0.906235
54613;9669;54373;0.593750;0.906235
54899;9153;47132;0.593750;0.750000
54843;9153;47209;0.656235;0.750000
54879;9283;47209;0.656235;0.906235
54899;9153;47132;0.593750;0.750000
54879;9283;47209;0.656235;0.906235
54907;9283;47169;0.593750;0.906235
54989;9153;47161;0.656235;0.750000
54899;9153;47132;0.593750;0.750000
54907;9283;47169;0.593750;0.906235
54989;9153;47161;0.656235;0.750000
54907;9283;47169;0.593750;0.906235
54953;9283;47184;0.656235;0.906235
54989;9153;47256;0.593750;0.750000
54989;9153;47161;0.656235;0.750000
54953;9283;47184;0.656235;0.906235
54989;9153;47256;0.593750;0.750000
54953;9283;47184;0.656235;0.906235
54953;9283;47233;0.593750;0.906235
54899;9153;47286;0.656235;0.750000
54989;9153;47256;0.593750;0.750000
54953;9283;47233;0.593750;0.906235
54899;9153;47286;0.656235;0.750000
54953;9283;47233;0.593750;0.906235
54907;9283;47248;0.656235;0.906235
54843;9153;47209;0.593750;0.750000
54899;9153;47286;0.656235;0.750000
54907;9283;47248;0.656235;0.906235
54843;9153;47209;0.593750;0.750000
54907;9283;47248;0.656235;0.906235
54879;9283;47209;0.593750;0.906235
54633;9154;47128;0.656235;0.750000
54577;9154;47205;0.593750;0.750000
54613;9285;47205;0.593750;0.906235
54633;9154;47128;0.656235;0.750000
54613;9285;47205;0.593750;0.906235
54641;9285;47166;0.656235;0.906235
54723;9154;47158;0.593750;0.750000
54633;9154;47128;0.656235;0.750000
54641;9285;47166;0.656235;0.906235
54723;9154;47158;0.593750;0.750000
54641;9285;47166;0.656235;0.906235
54687;9285;47181;0.593750;0.906235
54723;9154;47253;0.593750;0.750000
54723;9154;47158;0.656235;0.750000
54687;9285;47181;0.656235;0.906235
54723;9154;47253;0.593750;0.750000
54687;9285;47181;0.656235;0.906235
54687;9285;47229;0.593750;0.906235
54633;9154;47282;0.656235;0.750000
54723;9154;47253;0.593750;0.750000
54687;9285;47229;0.593750;0.906235
54633;9154;47282;0.656235;0.750000
54687;9285;47229;0.593750;0.906235
54641;9285;47244;0.656235;0.906235
54577;9154;47205;0.593750;0.750000
54633;9154;47282;0.656235;0.750000
54641;9285;47244;0.656235;0.906235
54577;9154;47205;0.593750;0.750000
54641;9285;47244;0.656235;0.906235
54613;9285;47205;0.593750;0.906235
53452;9798;49292;0.937500;0.015625
53516;9779;49237;0.968735;0.015625
53516;9779;49383;0.968735;0.124985
53452;9798;49292;0.937500;0.015625
53516;9779;49383;0.968735;0.124985
53452;9798;49350;0.937500;0.124985
53452;9849;49321;0.937500;0.015625
53516;9905;49310;0.968735;0.015625
53516;9779;49237;0.968735;0.124985
53452;9849;49321;0.937500;0.015625
53516;9779;49237;0.968735;0.124985
53452;9798;49292;0.937500;0.124985
53452;9798;49350;0.937500;0.015625
53516;9779;49383;0.968735;0.015625
53516;9905;49310;0.968735;0.124985
53452;9798;49350;0.937500;0.015625
53516;9905;49310;0.968735;0.124985
53452;9849;49321;0.937500;0.124985
52229;9798;49350;0.937500;0.000000
52229;9798;49292;0.968735;0.000000
53452;9798;49292;0.968735;0.156235
52229;9798;49350;0.937500;0.000000
53452;9798;49292;0.968735;0.156235
53452;9798;49350;0.937500;0.156235
52229;9798;49292;0.937500;0.000000
52229;9849;49321;0.968735;0.000000
53452;9849;49321;0.968735;0.156235
52229;9798;49292;0.937500;0.000000
53452;9849;49321;0.968735;0.156235
53452;9798;49292;0.937500;0.156235
52229;9849;49321;0.937500;0.000000
52229;9798;49350;0.968735;0.000000
53452;9798;49350;0.968735;0.156235
52229;9849;49321;0.937500;0.000000
53452;9798;49350;0.968735;0.156235
53452;9849;49321;0.937500;0.156235
52229;9798;49292;0.937500;0.000000
52229;9798;49350;0.968735;0.000000
51006;9798;49350;0.968735;0.156235
52229;9798;49292;0.937500;0.000000
51006;9798;49350;0.968735;0.156235
51006;9798;49292;0.937500;0.156235
52229;9849;49321;0.937500;0.000000
52229;9798;49292;0.968735;0.000000
51006;9798;49292;0.968735;0.156235
52229;9849;49321;0.937500;0.000000
51006;9798;49292;0.968735;0.156235
51006;9849;49321;0.937500;0.156235
52229;9798;49350;0.937500;0.000000
52229;9849;49321;0.968735;0.000000
51006;9849;49321;0.968735;0.156235
52229;9798;49350;0.937500;0.000000
51006;9849;49321;0.968735;0.156235
51006;9798;49350;0.937500;0.156235
50942;9779;49237;0.937500;0.015625
51006;9798;49292;0.968735;0.015625
51006;9798;49350;0.968735;0.124985
50942;9779;49237;0.937500;0.015625
51006;9798;49350;0.968735;0.124985
50942;9779;49383;0.937500;0.124985
50942;9905;49310;0.937500;0.015625
51006;9849;49321;0.968735;0.015625
51006;9798;49292;0.968735;0.124985
50942;9905;49310;0.937500;0.015625
51006;9798;49292;0.968735;0.124985
50942;9779;49237;0.937500;0.124985
50942;9779;49383;0.937500;0.015625
51006;9798;49350;0.968735;0.015625
51006;9849;49321;0.968735;0.124985
50942;9779;49383;0.937500;0.015625
51006;9849;49321;0.968735;0.124985
50942;9905;49310;0.937500;0.124985
53516;9779;49237;0.937500;0.000000
53452;9798;49292;0.968735;0.000000
53452;9798;49152;0.968735;0.156235
53516;9779;49237;0.937500;0.000000
53452;9798;49152;0.968735;0.156235
53516;9779;49152;0.937500;0.156235
51006;9798;49292;0.937500;0.000000
50942;9779;49237;0.968735;0.000000
50941;9779;49152;0.968735;0.156235
51006;9798;49292;0.937500;0.000000
50941;9779;49152;0.968735;0.156235
51006;9798;49152;0.937500;0.156235
53405;8622;49305;0.437500;0.640625
52851;8622;49305;0.546860;0.640625
52781;8237;49298;0.546860;0.734360
53405;8622;49305;0.437500;0.640625
52781;8237;49298;0.546860;0.734360
53398;8237;49298;0.437500;0.734360
53383;9394;49320;0.203125;0.640625
52894;9394;49320;0.312485;0.640625
52889;9008;49313;0.312485;0.734360
53383;9394;49320;0.203125;0.640625
52889;9008;49313;0.312485;0.734360
53389;9008;49313;0.203125;0.734360
53368;9796;49327;0.093750;0.640625
52910;9796;49327;0.203110;0.640625
52894;9394;49320;0.203110;0.734360
53368;9796;49327;0.093750;0.640625
52894;9394;49320;0.203110;0.734360
53383;9394;49320;0.093750;0.734360
51519;8622;49313;0.546860;0.640625
50958;8622;49313;0.437500;0.640625
50924;8236;49313;0.437500;0.734360
51519;8622;49313;0.546860;0.640625
50924;8236;49313;0.437500;0.734360
51501;8236;49313;0.546860;0.734360
51490;9394;49313;0.312485;0.640625
51025;9394;49313;0.203125;0.640625
51039;9008;49313;0.203125;0.734360
51490;9394;49313;0.312485;0.640625
51039;9008;49313;0.203125;0.734360
51498;9008;49313;0.312485;0.734360
51474;9797;49313;0.203110;0.640625
51063;9797;49313;0.093750;0.640625
51025;9394;49313;0.093750;0.734360
51474;9797;49313;0.203110;0.640625
51025;9394;49313;0.093750;0.734360
51490;9394;49313;0.203110;0.734360
53516;9779;49383;0.937500;0.015625
53516;9779;49237;0.968735;0.015625
53698;9815;49321;0.937500;0.124985
53516;9779;49237;0.937500;0.015625
53516;9905;49310;0.968735;0.015625
53698;9815;49321;0.937500;0.124985
53516;9905;49310;0.937500;0.015625
53516;9779;49383;0.968735;0.015625
53698;9815;49321;0.937500;0.124985
50760;9815;49321;0.937500;0.015625
50942;9779;49237;0.968735;0.015625
50942;9779;49383;0.937500;0.124985
50760;9815;49321;0.937500;0.015625
50942;9905;49310;0.968735;0.015625
50942;9779;49237;0.937500;0.124985
50760;9815;49321;0.937500;0.015625
50942;9779;49383;0.968735;0.015625
50942;9905;49310;0.937500;0.124985
52851;9537;52252;0.593750;0.750000
52795;9537;52329;0.656235;0.750000
52831;9667;52329;0.656235;0.906235
52851;9537;52252;0.593750;0.750000
52831;9667;52329;0.656235;0.906235
52859;9667;52289;0.593750;0.906235
52941;9537;52281;0.656235;0.750000
52851;9537;52252;0.593750;0.750000
52859;9667;52289;0.593750;0.906235
52941;9537;52281;0.656235;0.750000
52859;9667;52289;0.593750;0.906235
52905;9667;52304;0.656235;0.906235
52941;9537;52376;0.593750;0.750000
52941;9537;52281;0.656235;0.750000
52905;9667;52304;0.656235;0.906235
52941;9537;52376;0.593750;0.750000
52905;9667;52304;0.656235;0.906235
52905;9667;52353;0.593750;0.906235
52851;9537;52406;0.656235;0.750000
52941;9537;52376;0.593750;0.750000
52905;9667;52353;0.593750;0.906235
52851;9537;52406;0.656235;0.750000
52905;9667;52353;0.593750;0.906235
52859;9667;52368;0.656235;0.906235
52795;9537;52329;0.593750;0.750000
52851;9537;52406;0.656235;0.750000
52859;9667;52368;0.656235;0.906235
52795;9537;52329;0.593750;0.750000
52859;9667;52368;0.656235;0.906235
52831;9667;52329;0.593750;0.906235
52585;9538;52248;0.656235;0.750000
52529;9538;52325;0.593750;0.750000
52565;9669;52325;0.593750;0.906235
52585;9538;52248;0.656235;0.750000
52565;9669;52325;0.593750;0.906235
52593;9669;52286;0.656235;0.906235
52675;9538;52278;0.593750;0.750000
52585;9538;52248;0.656235;0.750000
52593;9669;52286;0.656235;0.906235
52675;9538;52278;0.593750;0.750000
52593;9669;52286;0.656235;0.906235
52639;9669;52301;0.593750;0.906235
52675;9538;52373;0.593750;0.750000
52675;9538;52278;0.656235;0.750000
52639;9669;52301;0.656235;0.906235
52675;9538;52373;0.593750;0.750000
52639;9669;52301;0.656235;0.906235
52639;9669;52349;0.593750;0.906235
52585;9538;52402;0.656235;0.750000
52675;9538;52373;0.593750;0.750000
52639;9669;52349;0.593750;0.906235
52585;9538;52402;0.656235;0.750000
52639;9669;52349;0.593750;0.906235
52593;9669;52364;0.656235;0.906235
52529;9538;52325;0.593750;0.750000
52585;9538;52402;0.656235;0.750000
52593;9669;52364;0.656235;0.906235
52529;9538;52325;0.593750;0.750000
52593;9669;52364;0.656235;0.906235
52565;9669;52325;0.593750;0.906235
54587;8449;47813;0.781250;0.000000
54587;8449;47616;0.937485;0.000000
54587;8192;47616;0.937485;0.078110
54587;8449;47813;0.781250;0.000000
54587;8192;47616;0.937485;0.078110
54587;8192;47813;0.781250;0.078110
54587;8449;47616;0.937485;0.000000
54587;8449;47419;0.781250;0.000000
54587;8192;47419;0.781250;0.078110
54587;8449;47616;0.937485;0.000000
54587;8192;47419;0.781250;0.078110
54587;8192;47616;0.937485;0.078110
54587;8449;47419;0.781250;0.000000
54784;8449;47419;0.937485;0.000000
54784;8192;47419;0.937485;0.078110
54587;8449;47419;0.781250;0.000000
54784;8192;47419;0.937485;0.078110
54587;8192;47419;0.781250;0.078110
54784;8449;47419;0.937485;0.000000
54981;8449;47419;0.781250;0.000000
54981;8192;47419;0.781250;0.078110
54784;8449;47419;0.937485;0.000000
54981;8192;47419;0.781250;0.078110
54784;8192;47419;0.937485;0.078110
54981;8449;47419;0.781250;0.000000
54981;8449;47616;0.937485;0.000000
54981;8192;47616;0.937485;0.078110
54981;8449;47419;0.781250;0.000000
54981;8192;47616;0.937485;0.078110
54981;8192;47419;0.781250;0.078110
54981;8449;47616;0.937485;0.000000
54981;8449;47813;0.781250;0.000000
54981;8192;47813;0.781250;0.078110
54981;8449;47616;0.937485;0.000000
54981;8192;47813;0.781250;0.078110
54981;8192;47616;0.937485;0.078110
55923;9153;45084;0.593750;0.750000
55867;9153;45161;0.656235;0.750000
55903;9283;45161;0.656235;0.906235
55923;9153;45084;0.593750;0.750000
55903;9283;45161;0.656235;0.906235
55931;9283;45121;0.593750;0.906235
56013;9153;45113;0.656235;0.750000
55923;9153;45084;0.593750;0.750000
55931;9283;45121;0.593750;0.906235
56013;9153;45113;0.656235;0.750000
55931;9283;45121;0.593750;0.906235
55977;9283;45136;0.656235;0.906235
56013;9153;45208;0.593750;0.750000
56013;9153;45113;0.656235;0.750000
55977;9283;45136;0.656235;0.906235
56013;9153;45208;0.593750;0.750000
55977;9283;45136;0.656235;0.906235
55977;9283;45185;0.593750;0.906235
55923;9153;45238;0.656235;0.750000
56013;9153;45208;0.593750;0.750000
55977;9283;45185;0.593750;0.906235
55923;9153;45238;0.656235;0.750000
55977;9283;45185;0.593750;0.906235
55931;9283;45200;0.656235;0.906235
55867;9153;45161;0.593750;0.750000
55923;9153;45238;0.656235;0.750000
55931;9283;45200;0.656235;0.906235
55867;9153;45161;0.593750;0.750000
55931;9283;45200;0.656235;0.906235
55903;9283;45161;0.593750;0.906235
55657;9154;45080;0.656235;0.750000
55601;9154;45157;0.593750;0.750000
55637;9285;45157;0.593750;0.906235
55657;9154;45080;0.656235;0.750000
55637;9285;45157;0.593750;0.906235
55665;9285;45118;0.656235;0.906235
55747;9154;45110;0.593750;0.750000
55657;9154;45080;0.656235;0.750000
55665;9285;45118;0.656235;0.906235
55747;9154;45110;0.593750;0.750000
55665;9285;45118;0.656235;0.906235
55711;9285;45133;0.593750;0.906235
55747;9154;45205;0.593750;0.750000
55747;9154;45110;0.656235;0.750000
55711;9285;45133;0.656235;0.906235
55747;9154;45205;0.593750;0.750000
55711;9285;45133;0.656235;0.906235
55711;9285;45181;0.593750;0.906235
55657;9154;45234;0.656235;0.750000
55747;9154;45205;0.593750;0.750000
55711;9285;45181;0.593750;0.906235
55657;9154;45234;0.656235;0.750000
55711;9285;45181;0.593750;0.906235
55665;9285;45196;0.656235;0.906235
55601;9154;45157;0.593750;0.750000
55657;9154;45234;0.656235;0.750000
55665;9285;45196;0.656235;0.906235
55601;9154;45157;0.593750;0.750000
55665;9285;45196;0.656235;0.906235
55637;9285;45157;0.593750;0.906235
